device:cpu
n_max:10
t_max:300
distribution:randint
var:10
z:
[[0.00228691 0.00240016 0.00226688 0.00218844 0.00248241 0.00234818
  0.00241709 0.00239682 0.00223875 0.00228763 0.00154686 0.00143695
  0.00143051 0.00145936 0.0018971  0.00231934 0.0022819  0.00235033
  0.00225353 0.00238562 0.00258636 0.00140834 0.00141287 0.00133681
  0.00136447 0.00156808 0.00132847 0.00133634 0.00126648 0.00158286
  0.00157881 0.00155854 0.00121808 0.00131083 0.00145125 0.00132608
  0.00130534 0.00174427 0.00131536 0.00132489 0.00118661 0.00120091
  0.00167251 0.00128388 0.00144386 0.00144863 0.0012691  0.0013504
  0.00127649 0.00133204 0.00129747 0.00122404 0.00124454 0.00142837
  0.00152421 0.00122547 0.00137186 0.00188017 0.00256705 0.0015924
  0.00125742 0.00125766 0.00123763 0.00130558 0.00137496 0.00117826
  0.00128174 0.00122643 0.00123429 0.00127196 0.00123692 0.00120711
  0.0012548  0.00123262 0.00120497 0.00134444 0.00123501 0.00123239
  0.00119686 0.0012331  0.00125003 0.00124073 0.00122023 0.00124049
  0.0012331  0.00120616 0.00120354 0.00126553 0.00125289 0.00125933
  0.0012157  0.00121856 0.00123525 0.00125623 0.00121164 0.00123668
  0.00120664 0.00124097 0.00124907 0.00123334 0.00124621 0.00125313
  0.00125432 0.00124264 0.00123382 0.00118685 0.00126266 0.00121951
  0.00122643 0.00122595 0.00126362 0.00117683 0.0012393  0.00120139
  0.00123286 0.00122547 0.00122428 0.0012362  0.00124311 0.00123882
  0.00121236 0.00120139 0.0013299  0.00123262 0.00123382 0.00121903
  0.00123167 0.00119805 0.00129867 0.00118947 0.00123358 0.0012393
  0.00126767 0.00125074 0.0012722  0.00127316 0.0011847  0.00128531
  0.00122905 0.00123024 0.00132012 0.00123072 0.00123048 0.00121951
  0.00123    0.00133967 0.00124502 0.00116587 0.00123167 0.00123715
  0.00122666 0.00125408 0.00133181 0.00124145 0.00122333 0.00123525
  0.00120211 0.00126338 0.00124955 0.00124049 0.00121212 0.00125575
  0.00122428 0.00123549 0.00124574 0.00121617 0.00125217 0.00128102
  0.00123501 0.00122404 0.00124407 0.00120664 0.00122309 0.00124836
  0.00123358 0.00125742 0.0012362  0.0012114  0.0012517  0.00123286
  0.00130415 0.00124979 0.00118399 0.00126743 0.00122809 0.00124574
  0.00128579 0.00127292 0.00120592 0.00124407 0.00126338 0.00125027
  0.00125623 0.00123191 0.00122094 0.00119972 0.00120544 0.00122833
  0.00135803 0.00120068 0.00123668 0.00120616 0.0012188  0.00120568
  0.0014236  0.00123    0.00118828 0.00121665 0.00123143 0.00130439
  0.00121999 0.00124979 0.00122809 0.00130463 0.00126052 0.00125957
  0.00123811 0.00120401 0.00120711 0.0013473  0.00124025 0.00127482
  0.00124884 0.00118852 0.00118995 0.0013206  0.00136805 0.00126839
  0.0013144  0.00127602 0.00125313 0.00129509 0.00123119 0.00119996
  0.00127649 0.0012145  0.00124693 0.00139976 0.00124168 0.00119209
  0.00128436 0.00122762 0.00123429 0.00128269 0.001261   0.00123
  0.00119495 0.00122929 0.00120783 0.00127816 0.00126028 0.00121617
  0.00119472 0.00119829 0.00122952 0.00128245 0.00126553 0.00120306
  0.0012784  0.00141168 0.00118709 0.00128102 0.00123119 0.00123501
  0.00131965 0.00118876 0.00123119 0.00129509 0.00121951 0.00120831
  0.0012126  0.00128031 0.00119805 0.00122809 0.00127888 0.00122786
  0.00122809 0.00124454 0.00119877 0.00126386 0.00123787 0.00118732
  0.00120854 0.00124288 0.00125599 0.00131631 0.00125241 0.0012331
  0.00125313 0.00130248 0.00120115 0.00126433 0.00142336 0.00120354
  0.0012064  0.00120926 0.00126863 0.00123167 0.00120783 0.00133252]
 [0.0026319  0.00251007 0.00276852 0.00231409 0.00229669 0.00236893
  0.00273538 0.00256538 0.00266457 0.00247908 0.00233865 0.00237942
  0.00228071 0.00257397 0.00234127 0.00228763 0.00245619 0.0023706
  0.00236106 0.00250816 0.00230408 0.00233984 0.00235271 0.00234294
  0.00240254 0.00238872 0.00250196 0.00235319 0.00231099 0.00238419
  0.00225568 0.00230432 0.00238895 0.00230551 0.00234151 0.00227046
  0.00230265 0.0023036  0.00229263 0.00231051 0.00229883 0.00232291
  0.00235415 0.00238156 0.00232625 0.00228405 0.00233221 0.00238419
  0.00229883 0.00233769 0.00229883 0.00228024 0.00237131 0.00219631
  0.00237346 0.0022974  0.00235128 0.00221014 0.00230408 0.00232887
  0.00227737 0.00234199 0.00234246 0.00232363 0.00239348 0.00234032
  0.00225925 0.00229931 0.0024159  0.00241327 0.00237966 0.00229239
  0.00240445 0.00228286 0.00244546 0.0023675  0.00225019 0.00230265
  0.00221705 0.00237846 0.00228548 0.00229955 0.0024941  0.00226808
  0.00242901 0.0023427  0.00227642 0.00229836 0.00235724 0.00246
  0.00235176 0.00235677 0.00239682 0.00228548 0.00235391 0.00233269
  0.00229883 0.00238466 0.00235367 0.00239921 0.00228858 0.0023489
  0.00247049 0.00237107 0.00237322 0.00241423 0.00234342 0.00228596
  0.00235629 0.00231504 0.00235081 0.00234842 0.00251079 0.00575137
  0.00402737 0.0024724  0.00229597 0.00229812 0.00251365 0.0021801
  0.00243926 0.00241947 0.00225711 0.00245571 0.00231194 0.00239182
  0.00240684 0.00223732 0.0023613  0.00221753 0.00234842 0.00245953
  0.00230837 0.00228715 0.00229859 0.00230551 0.00237536 0.00223446
  0.00247002 0.00244713 0.00235319 0.00240326 0.00236011 0.00236726
  0.00241184 0.00225759 0.00229573 0.00235868 0.00240493 0.00229168
  0.00230241 0.00238752 0.00233889 0.00239158 0.00240016 0.00223088
  0.00234675 0.00227141 0.00242376 0.0022831  0.00233746 0.00244927
  0.00228572 0.00230932 0.00239491 0.00228357 0.00228977 0.00232553
  0.00225449 0.00235057 0.00238872 0.00234008 0.0022366  0.0022049
  0.00229335 0.00229287 0.00221372 0.00227404 0.00229287 0.0022862
  0.00240064 0.00233507 0.00231338 0.00233102 0.00235796 0.00231028
  0.00220633 0.00228477 0.00234628 0.00222516 0.0023315  0.00228882
  0.00233769 0.00239229 0.00230145 0.00238395 0.00237155 0.00234246
  0.00235534 0.00216556 0.00231361 0.0023737  0.00234985 0.00242805
  0.00234103 0.00224686 0.0021975  0.0025034  0.0033164  0.00332499
  0.00230408 0.00237727 0.00234151 0.00231838 0.00248837 0.00235438
  0.00239038 0.00231385 0.00234151 0.00228024 0.00223708 0.00237131
  0.00232577 0.00220132 0.0024147  0.00240064 0.0023241  0.0022769
  0.0023005  0.00235391 0.00226688 0.00223994 0.00233388 0.00233841
  0.00228429 0.00239062 0.00239587 0.00248241 0.00360227 0.00275826
  0.0024364  0.0023737  0.00254154 0.00279236 0.00254464 0.00234985
  0.00247169 0.00250506 0.00227571 0.00267267 0.00251889 0.0028224
  0.00243187 0.00245261 0.00235558 0.0027616  0.00273085 0.0025723
  0.00258303 0.00232601 0.00238061 0.00252247 0.00281882 0.00263
  0.00240445 0.00236344 0.00241232 0.0025208  0.00275612 0.00254703
  0.00231934 0.00245786 0.00233769 0.00230861 0.00271916 0.00277376
  0.0026288  0.00240278 0.00265217 0.00235724 0.00242162 0.00260139
  0.00271678 0.00246453 0.00247812 0.00233388 0.00249505 0.00266743
  0.00284147 0.00246119 0.00248075 0.00235081 0.00235391 0.00257111
  0.00344515 0.00245357 0.00242448 0.00241017 0.00234485 0.00229096]
 [0.00329947 0.00422502 0.00299883 0.00272155 0.00262403 0.00322127
  0.00305963 0.00337386 0.00357294 0.00268984 0.00323462 0.00293589
  0.00361061 0.00292277 0.00344682 0.00304222 0.00445127 0.00358582
  0.00409532 0.00474024 0.00311518 0.00301552 0.00278115 0.00277495
  0.00482178 0.0029304  0.0029242  0.00276852 0.00261283 0.00298476
  0.0055697  0.00459337 0.00276923 0.00303173 0.00327945 0.00272751
  0.00419593 0.00271821 0.00290418 0.00327849 0.00312972 0.00311804
  0.00301075 0.0039525  0.00312829 0.00268388 0.00290966 0.00460625
  0.00435281 0.00330901 0.00337267 0.00522757 0.00518942 0.00459409
  0.00463033 0.00462866 0.00413656 0.00285244 0.00275016 0.00290585
  0.00308681 0.00334549 0.00384498 0.00296998 0.00267792 0.00296497
  0.00324941 0.00278401 0.00293803 0.00267696 0.00311065 0.00328851
  0.00457501 0.00544286 0.00501442 0.00572276 0.00566101 0.00537729
  0.00715399 0.00538039 0.0052588  0.00408983 0.0050261  0.00280929
  0.00425267 0.00278091 0.00277185 0.00327253 0.00310183 0.00270247
  0.00261426 0.00273514 0.00269651 0.00366235 0.0038445  0.00263929
  0.00274467 0.00261521 0.00267506 0.00275326 0.00273657 0.00270486
  0.00409865 0.0027318  0.00290728 0.00254011 0.00268269 0.00377774
  0.00267625 0.00260711 0.00270867 0.00423884 0.00456214 0.00316715
  0.00280142 0.0025928  0.00287843 0.00260067 0.00260568 0.00265384
  0.00272202 0.00267839 0.00268531 0.00267935 0.00258183 0.00269675
  0.00269032 0.00273561 0.00269175 0.00277519 0.00375152 0.00261688
  0.00259495 0.00396156 0.00384545 0.00259876 0.00258923 0.00268197
  0.0026176  0.00351882 0.00381899 0.00271463 0.00258398 0.00271082
  0.00334477 0.00303483 0.00257015 0.0037806  0.00263309 0.00252223
  0.00370955 0.00265288 0.00264192 0.00266504 0.0025773  0.00328827
  0.00270319 0.00263882 0.00283909 0.0026412  0.0026598  0.00274062
  0.00268793 0.00280142 0.00264335 0.00274253 0.00266576 0.00263691
  0.00276804 0.00264454 0.00265217 0.00261998 0.00265527 0.00265956
  0.00264215 0.00385356 0.00260067 0.00261092 0.00269461 0.00373316
  0.00255156 0.00408959 0.00340319 0.003824   0.00291586 0.00426698
  0.0026238  0.00264287 0.00281835 0.00264978 0.00292325 0.00298381
  0.0044744  0.00271821 0.00367355 0.00390148 0.00266719 0.0026679
  0.00268316 0.00260901 0.00279212 0.00267267 0.00266027 0.00264335
  0.00259614 0.00260925 0.00269294 0.0026505  0.00261521 0.0025816
  0.00259852 0.00260472 0.00264239 0.00252128 0.0026598  0.00271535
  0.00260615 0.00270748 0.00261641 0.00367165 0.00268745 0.00367284
  0.0025816  0.00264907 0.00260377 0.00267005 0.00269914 0.0026629
  0.0026772  0.0025301  0.00267696 0.0039916  0.0027144  0.00395107
  0.00260782 0.00273633 0.0026958  0.00259566 0.00274229 0.00269818
  0.00374174 0.00264978 0.00271988 0.0025897  0.00258589 0.00265908
  0.00312257 0.00769925 0.00581145 0.00567365 0.00404501 0.00319815
  0.00264144 0.00380516 0.00261259 0.00315022 0.00292516 0.00299311
  0.00264311 0.0026722  0.00264144 0.00266957 0.00266576 0.0026834
  0.00265145 0.00387883 0.00259805 0.00371289 0.00269079 0.00266314
  0.00261879 0.00273228 0.00270748 0.00271678 0.00265431 0.00266862
  0.0025959  0.00249863 0.00263476 0.00257301 0.00360608 0.00261831
  0.00263739 0.00267696 0.00260019 0.00362873 0.00263047 0.00256276
  0.00408363 0.00264835 0.00270152 0.00376821 0.00261617 0.00258017
  0.0036869  0.00266027 0.00259542 0.00375223 0.00256705 0.00270867]
 [0.00460243 0.00387383 0.00352144 0.00356746 0.0037787  0.00388765
  0.00397921 0.00378132 0.00381947 0.00374794 0.00361896 0.00481224
  0.00370407 0.00383615 0.00358319 0.00535059 0.0037694  0.00385952
  0.0036037  0.00375295 0.00367594 0.00391436 0.00387716 0.00381613
  0.00378442 0.00383162 0.00390482 0.00381827 0.0037539  0.00369406
  0.00356746 0.00373054 0.00385451 0.00385857 0.00381231 0.00366998
  0.0036633  0.00391173 0.00510263 0.00375462 0.0038569  0.00406814
  0.00406837 0.00397468 0.00401258 0.00688457 0.00394034 0.00387359
  0.0043838  0.00395679 0.00725174 0.00376892 0.00370884 0.00433159
  0.00374794 0.0038147  0.00613165 0.00491452 0.00393176 0.00382376
  0.00385189 0.00626683 0.00372171 0.00374126 0.00494862 0.00362635
  0.00752449 0.00511503 0.00386596 0.0034039  0.00361967 0.00374413
  0.00381494 0.00371289 0.00382137 0.00388074 0.00371361 0.00390458
  0.00450659 0.00635242 0.00377178 0.00378919 0.00497532 0.00371027
  0.00368357 0.0069375  0.00375485 0.004004   0.00384355 0.00388312
  0.00659108 0.00378942 0.00377464 0.00357652 0.0036943  0.00821495
  0.0036602  0.00362921 0.00384426 0.00373077 0.00378013 0.00603342
  0.00365615 0.00379491 0.00372314 0.00373244 0.00733495 0.00491548
  0.00360465 0.00481153 0.00369644 0.00478721 0.00369191 0.00368214
  0.00374866 0.00364542 0.00372195 0.00408387 0.00369596 0.00375247
  0.0038352  0.00375581 0.00372982 0.0036068  0.00362301 0.00364447
  0.00389075 0.00363088 0.00373483 0.00383735 0.0036478  0.00385308
  0.00381827 0.00880146 0.00363731 0.00368071 0.00544214 0.00373268
  0.00367045 0.00712562 0.00380015 0.00448298 0.00386691 0.00385141
  0.00633311 0.00410175 0.00448322 0.00377631 0.003685   0.00605154
  0.00379372 0.00367379 0.00380015 0.0037291  0.00374627 0.00643587
  0.00369072 0.00388169 0.00375962 0.0038352  0.00570893 0.00450873
  0.00606585 0.00370121 0.0039506  0.00370097 0.00374103 0.00365973
  0.00376058 0.00352168 0.00366879 0.0039618  0.00422978 0.00365806
  0.00712991 0.00375104 0.00449872 0.00382876 0.00407743 0.00677109
  0.00387335 0.00395632 0.00377917 0.00420475 0.0065937  0.00395441
  0.00394607 0.00373101 0.00362635 0.00775814 0.00415063 0.00369477
  0.00370264 0.00412989 0.00374794 0.00368023 0.00384164 0.00376892
  0.00489926 0.00362492 0.00368905 0.0041163  0.00377417 0.00656962
  0.0036571  0.00365543 0.00362992 0.00385737 0.0036931  0.00364566
  0.00359344 0.00359797 0.00365305 0.00360584 0.00356698 0.00364542
  0.00394821 0.0036974  0.00391006 0.00360847 0.00433183 0.00376034
  0.00382829 0.00367832 0.00372529 0.00383997 0.00411057 0.00380683
  0.00382543 0.00364256 0.00362206 0.00370789 0.0037837  0.00380588
  0.00359583 0.00374031 0.0036397  0.0035522  0.00380111 0.00359869
  0.00366831 0.00363994 0.00375199 0.00358915 0.00359797 0.00361609
  0.00495863 0.00363088 0.00682735 0.003654   0.00369859 0.00373554
  0.00364661 0.00360203 0.00362945 0.00366616 0.00357032 0.00370359
  0.00387049 0.00363183 0.00440717 0.00419021 0.00669336 0.0037961
  0.00382662 0.00357819 0.00374269 0.0035603  0.00361443 0.00364423
  0.00370169 0.00366473 0.00365496 0.00364685 0.00363088 0.00377321
  0.0037384  0.00382876 0.00367236 0.00361824 0.00348687 0.00383782
  0.00373054 0.00373936 0.00374365 0.00499511 0.00371289 0.00441384
  0.00388885 0.0036428  0.0039475  0.0042398  0.0059557  0.00538707
  0.00437117 0.00389719 0.00375295 0.00403237 0.00372171 0.00376296]
 [0.00426459 0.00379014 0.00387788 0.00496149 0.01630235 0.00401616
  0.00415349 0.00497103 0.00422597 0.00487232 0.00501037 0.00398684
  0.00397134 0.00774527 0.007025   0.00511336 0.00516891 0.00389743
  0.00400162 0.00397968 0.00396132 0.00384426 0.00495577 0.00403142
  0.00394988 0.00394845 0.0039413  0.00507879 0.00397468 0.00391912
  0.00408316 0.00390267 0.00390625 0.00401521 0.00510812 0.00388598
  0.00390768 0.00403452 0.00407815 0.00498962 0.00505519 0.00506568
  0.00395775 0.003932   0.00403094 0.00645018 0.00396752 0.00404668
  0.00408435 0.00393772 0.0050478  0.00487399 0.00513959 0.00734425
  0.00516891 0.00393343 0.0039947  0.00407481 0.00509191 0.00502253
  0.0041163  0.00484109 0.00391674 0.00445652 0.00717759 0.00542808
  0.00424671 0.00396991 0.00507307 0.00396204 0.00401473 0.00407958
  0.0041256  0.00405025 0.00397205 0.00406814 0.00392294 0.00495052
  0.00401521 0.0039537  0.00491548 0.00394893 0.00390267 0.0051887
  0.00391698 0.00506353 0.00392365 0.00394726 0.00525856 0.00498462
  0.00398278 0.00403166 0.00408864 0.00405002 0.00391412 0.00501108
  0.00388122 0.00381136 0.00394893 0.00400686 0.00394559 0.00402117
  0.00517249 0.00699234 0.00495815 0.00499272 0.00397539 0.00508451
  0.00389743 0.00384021 0.00401425 0.00387836 0.00400019 0.00392389
  0.00434494 0.00408244 0.013237   0.00405788 0.00510073 0.00407076
  0.00392056 0.00410581 0.006284   0.00399804 0.00403261 0.00488925
  0.00430918 0.00532484 0.00432944 0.00403142 0.00557017 0.0055716
  0.00403786 0.00551105 0.00590158 0.00405645 0.00403762 0.00512958
  0.00499821 0.00384903 0.0040679  0.00410628 0.00404239 0.00484681
  0.0041163  0.00512838 0.00632715 0.00416565 0.00631762 0.00472617
  0.00911045 0.00402761 0.00505328 0.00392652 0.00401545 0.00405169
  0.00504708 0.00400376 0.00401688 0.00400758 0.00398469 0.00448322
  0.00498772 0.00674033 0.00500464 0.00396037 0.00493407 0.0039463
  0.00497174 0.00391746 0.00381184 0.00425696 0.00481892 0.00501513
  0.00398803 0.00526738 0.00406146 0.00381875 0.00395584 0.0049839
  0.00518966 0.00396466 0.00392532 0.00406218 0.00506544 0.00394773
  0.00410342 0.00399494 0.00390744 0.00388813 0.00398564 0.00409174
  0.00403595 0.00410795 0.00400686 0.0039947  0.004251   0.00405669
  0.00400996 0.00392818 0.0039773  0.0039916  0.00730133 0.0039556
  0.00390744 0.00498128 0.00394893 0.00502419 0.00399876 0.00442982
  0.00498128 0.00510216 0.00452733 0.00403666 0.00671577 0.00500131
  0.00398254 0.00528383 0.00397754 0.00396252 0.00495005 0.00410199
  0.00410223 0.00393558 0.00387478 0.00406528 0.00521493 0.0050869
  0.005023   0.00426865 0.00511074 0.00501084 0.00394249 0.0039258
  0.00406885 0.00394988 0.00389171 0.00388527 0.00411654 0.00389576
  0.00387645 0.00386524 0.00385237 0.00492501 0.00396419 0.00389409
  0.00519729 0.0049274  0.00394964 0.00530171 0.00527573 0.00400162
  0.00743628 0.00405526 0.00511527 0.00386882 0.00387096 0.00500154
  0.00411057 0.00466108 0.00403547 0.0064199  0.00552917 0.00465584
  0.00721836 0.00512266 0.00504017 0.0040617  0.00392723 0.00388336
  0.00393772 0.00395298 0.00394487 0.00503492 0.00396347 0.00395942
  0.0040338  0.00411463 0.00396585 0.00401592 0.00400758 0.00490546
  0.0049119  0.00395417 0.00405312 0.00403166 0.00521183 0.00497508
  0.00425291 0.00398397 0.00511432 0.0039103  0.00498581 0.00519967
  0.00405717 0.00414157 0.00503469 0.00489235 0.00394082 0.00407076]
 [0.00514627 0.00480747 0.00636983 0.00696707 0.00567746 0.00554514
  0.00498962 0.00758266 0.00591969 0.00502372 0.00500584 0.00781894
  0.00602007 0.00492859 0.00503969 0.00508189 0.0050354  0.00498772
  0.00504756 0.0049777  0.00603437 0.005126   0.00504923 0.0048945
  0.00504541 0.00518608 0.00529933 0.00497222 0.00487828 0.00602031
  0.00496173 0.00483704 0.00509644 0.00588226 0.00497365 0.00499344
  0.00606418 0.00522065 0.00511217 0.00514483 0.00516963 0.00532627
  0.00507665 0.00817442 0.00514722 0.00493312 0.00491405 0.00491786
  0.00473332 0.0051682  0.00488329 0.00502229 0.0054872  0.00891805
  0.00608301 0.00509548 0.00486946 0.00614953 0.00606847 0.00626326
  0.00579834 0.00506306 0.0049634  0.00532293 0.00500774 0.00485253
  0.00503445 0.00494313 0.00519919 0.00493407 0.00523543 0.00529146
  0.00488663 0.00500059 0.00499845 0.00492597 0.00614429 0.00496912
  0.00500536 0.00506115 0.00614953 0.0050993  0.00509977 0.00516224
  0.00640202 0.0116353  0.00527287 0.00516415 0.00510168 0.00501728
  0.00493956 0.00587821 0.00494742 0.00566983 0.00505686 0.00783539
  0.00517964 0.00516248 0.0049839  0.00493884 0.00511599 0.00595737
  0.00594044 0.00606704 0.00507975 0.00489545 0.00603318 0.00508881
  0.00549078 0.00545788 0.00638485 0.00549173 0.00571036 0.00612617
  0.00603485 0.00509953 0.00503707 0.00643826 0.00498605 0.00500488
  0.00488162 0.00513577 0.00618958 0.00626087 0.00491166 0.00836778
  0.00498962 0.00497866 0.00534916 0.00616741 0.00483203 0.00516391
  0.00512767 0.00507903 0.0054493  0.00778937 0.00491214 0.0048945
  0.00497007 0.00511217 0.00488639 0.00508308 0.00490904 0.00489807
  0.00502706 0.00523424 0.00619078 0.00512457 0.00599265 0.00509119
  0.00503612 0.00507522 0.00499773 0.0059855  0.00512028 0.00500059
  0.00508595 0.00627565 0.00498438 0.00516772 0.00607157 0.00620365
  0.00514603 0.00499463 0.00503039 0.00504422 0.00602937 0.00836039
  0.00511646 0.00611973 0.00501776 0.00510788 0.00516629 0.00507355
  0.00525475 0.00552917 0.00509214 0.00802946 0.00517368 0.00609303
  0.00522041 0.00503564 0.00494671 0.00497508 0.0051496  0.00520229
  0.00512886 0.0051868  0.00511456 0.00509667 0.00518608 0.00596166
  0.00486398 0.00504327 0.00497174 0.00507021 0.00503898 0.00598931
  0.00522923 0.0051136  0.00500107 0.00507832 0.00510406 0.0050211
  0.00523686 0.00499678 0.00501823 0.00498724 0.00498605 0.0084033
  0.00498748 0.0051868  0.00486612 0.00497627 0.00508213 0.00516272
  0.00598001 0.00526381 0.00783849 0.00971103 0.00567794 0.00677109
  0.00503397 0.00619054 0.00612664 0.00539374 0.00591326 0.00497866
  0.00763035 0.00642824 0.00605106 0.00509453 0.00489926 0.00502276
  0.00523424 0.00495195 0.00500584 0.00508928 0.0050869  0.00618458
  0.00516796 0.00494838 0.00507092 0.00506854 0.0050199  0.00507164
  0.00513124 0.0051012  0.0050056  0.00602412 0.01073885 0.00621152
  0.00515342 0.00769234 0.0094893  0.00882363 0.00933695 0.0092299
  0.00776625 0.00546074 0.00561643 0.00643468 0.00552177 0.00549197
  0.00578022 0.00675464 0.00559688 0.00521827 0.00555491 0.0057838
  0.00540972 0.00496054 0.00581121 0.00655794 0.00529194 0.00580788
  0.00559092 0.00585938 0.00521827 0.00524759 0.00541091 0.00521517
  0.00518274 0.00497603 0.00522614 0.00531983 0.00523663 0.0056603
  0.00673485 0.00665617 0.00671768 0.00504804 0.00691938 0.00547075
  0.00519824 0.00523496 0.00553083 0.00547838 0.00545263 0.0053997 ]
 [0.00836611 0.00804782 0.01030779 0.00980663 0.01076794 0.00735235
  0.01024294 0.0075841  0.00604153 0.00906062 0.00958967 0.01157737
  0.00918508 0.00913811 0.00791693 0.01287794 0.01118493 0.01095176
  0.00838685 0.0096519  0.00784731 0.00695992 0.00769711 0.00661874
  0.00740457 0.00758052 0.00549936 0.0063765  0.00563478 0.01026225
  0.00554228 0.00553751 0.00604987 0.00751114 0.0054841  0.00658703
  0.00535631 0.00555634 0.00596833 0.00601006 0.00557995 0.00857949
  0.00700593 0.00826621 0.00769162 0.00605702 0.00564623 0.00680685
  0.00541759 0.00829673 0.00570107 0.00526166 0.00660443 0.00628448
  0.00520015 0.00960374 0.00527406 0.00634909 0.00674129 0.0055995
  0.00537372 0.0051024  0.00530624 0.00800943 0.0082674  0.00550389
  0.00533056 0.00540614 0.00540018 0.00549865 0.00639081 0.00515962
  0.00716853 0.00539327 0.00524974 0.00630021 0.00534892 0.00671601
  0.006495   0.00622106 0.0053997  0.00547719 0.00553298 0.00517201
  0.00654006 0.00608802 0.00538063 0.00557256 0.0056982  0.00654674
  0.0054872  0.0064404  0.00544119 0.00862622 0.0053637  0.00633121
  0.00553799 0.00627327 0.00724196 0.00789022 0.00768948 0.00752735
  0.00782132 0.00714564 0.00747085 0.00791359 0.0056293  0.00905776
  0.0065968  0.00857091 0.00926948 0.00546837 0.00786304 0.00571132
  0.00689578 0.00579548 0.00538564 0.00650287 0.00842142 0.00760579
  0.00828791 0.00728583 0.0092485  0.00744271 0.00810409 0.00762963
  0.00998926 0.00687265 0.00778031 0.00589228 0.0074923  0.00787687
  0.00727057 0.00941205 0.00764894 0.00701857 0.00701356 0.006845
  0.00555182 0.00560856 0.00690889 0.00564528 0.00558424 0.00580049
  0.00613117 0.00679159 0.0055275  0.00669742 0.00715971 0.00589633
  0.00714755 0.00702405 0.00596833 0.00556421 0.00595379 0.00697136
  0.00555444 0.00642824 0.0057795  0.00592566 0.01194215 0.00616527
  0.00692391 0.0059762  0.00576615 0.0052135  0.00682807 0.00707603
  0.00572133 0.00554228 0.00688457 0.00687504 0.00557709 0.00673962
  0.00548577 0.00565934 0.00680542 0.00572419 0.00753212 0.0064497
  0.007092   0.0073812  0.00619411 0.00868297 0.00729775 0.00567985
  0.0078485  0.00690532 0.00551176 0.00596285 0.0056951  0.0057683
  0.00696516 0.00544786 0.00522161 0.00691724 0.00664258 0.00543404
  0.00579619 0.00557232 0.0056181  0.00559235 0.00649905 0.00612354
  0.00666857 0.00672817 0.00555468 0.00669265 0.00682449 0.00649714
  0.00545144 0.00597763 0.00679755 0.00695658 0.00580668 0.00636244
  0.00702953 0.00783157 0.00575161 0.00679564 0.00686622 0.00556135
  0.0063591  0.00702    0.00559044 0.00535679 0.00558257 0.00686646
  0.00669026 0.00570273 0.00636053 0.00563526 0.00639057 0.00540209
  0.00526142 0.00583744 0.00589156 0.00555038 0.00532508 0.00528526
  0.00557041 0.00550437 0.00544453 0.00529242 0.00533056 0.00642347
  0.00532937 0.00691175 0.00538087 0.00695539 0.00566459 0.00720143
  0.00666237 0.00778389 0.00735879 0.0062294  0.0065527  0.00656533
  0.00602007 0.00602078 0.00584745 0.00796485 0.00797534 0.00950813
  0.00970578 0.00713325 0.006639   0.0061872  0.00599432 0.00883317
  0.00786686 0.00850654 0.00833988 0.00918722 0.01023841 0.00661135
  0.00722289 0.00708389 0.00592256 0.00783896 0.00631499 0.00597048
  0.00812888 0.00745678 0.00700545 0.00742722 0.00602412 0.00707626
  0.006073   0.00657463 0.00666285 0.00727105 0.0061295  0.00607777
  0.00623631 0.00614786 0.00705194 0.00585365 0.0067513  0.00695753]
 [0.00788093 0.00757837 0.00652361 0.00729084 0.00843763 0.00658894
  0.00680447 0.00675964 0.00940561 0.00653958 0.00820422 0.00654674
  0.0065608  0.00690532 0.00788927 0.00770903 0.00867438 0.00679827
  0.00681758 0.00709009 0.00778151 0.0069108  0.00741124 0.00661182
  0.00694537 0.00695324 0.00838947 0.00791097 0.00709391 0.00779486
  0.00665998 0.00688696 0.00668168 0.00683236 0.00674057 0.0075326
  0.00792694 0.00666475 0.00636411 0.00675607 0.00800419 0.00769544
  0.00634432 0.00633717 0.00764084 0.00672054 0.00623822 0.0068357
  0.00662708 0.00788903 0.00675297 0.0065732  0.00674319 0.00684166
  0.0067668  0.00662661 0.00778413 0.00681758 0.0079639  0.00692558
  0.00680184 0.00732422 0.00788212 0.00699186 0.0078187  0.00799656
  0.00631285 0.00762796 0.00699186 0.00710011 0.00700045 0.00626445
  0.00760889 0.00693822 0.00645137 0.00662947 0.00733495 0.00749946
  0.00648117 0.00667    0.00641894 0.00740409 0.00660825 0.00636959
  0.006603   0.00635552 0.00625467 0.0064404  0.00741935 0.00627351
  0.00604343 0.00635958 0.00626135 0.00633383 0.00637507 0.00657988
  0.00716209 0.00628209 0.00674224 0.0075922  0.00637841 0.00747752
  0.0071044  0.00656271 0.00865316 0.0062108  0.00608325 0.00767565
  0.00643563 0.00635004 0.00761986 0.00762415 0.00730014 0.00776458
  0.00789261 0.00636268 0.00636721 0.00613093 0.00633287 0.00647473
  0.00649619 0.0065484  0.00655651 0.00651336 0.00736213 0.00778651
  0.00661159 0.00769305 0.00617814 0.00797319 0.0071466  0.00688553
  0.00667167 0.00704241 0.00647688 0.00694156 0.00807834 0.00644159
  0.0067575  0.00705576 0.00695801 0.00673795 0.00794864 0.00644398
  0.00687957 0.00688481 0.00641298 0.00660968 0.00680804 0.00632167
  0.00776243 0.0072298  0.00665188 0.00766587 0.00785875 0.00822926
  0.00651217 0.00762773 0.00740933 0.00652146 0.00646615 0.00641894
  0.00623941 0.00650907 0.00649714 0.00731921 0.0071187  0.00640535
  0.00648427 0.00636864 0.00762033 0.00658917 0.0082171  0.00772142
  0.00699091 0.00676775 0.00678039 0.00639606 0.0063417  0.00756097
  0.00699067 0.00753975 0.00645113 0.0063355  0.00695729 0.00797248
  0.00637841 0.00635648 0.00635576 0.00876284 0.00681806 0.00755692
  0.00622106 0.00633073 0.00660372 0.00651956 0.00637937 0.0078125
  0.0061357  0.00653887 0.00635076 0.00643492 0.00753856 0.00650978
  0.00632596 0.00769901 0.00671148 0.00630808 0.00629497 0.00652671
  0.00731921 0.0073998  0.00627518 0.00637937 0.00737929 0.00753021
  0.00648975 0.00756741 0.00632977 0.00715113 0.00736117 0.00636601
  0.00643778 0.00750971 0.00739765 0.00642991 0.00744438 0.00632524
  0.0073843  0.00647449 0.00619698 0.00624084 0.00737309 0.00629711
  0.00643706 0.00632691 0.00630903 0.0063715  0.00649261 0.00651002
  0.00717998 0.00677609 0.00813532 0.00881028 0.00667691 0.00793624
  0.00638294 0.00688028 0.0067091  0.00647688 0.00679946 0.006742
  0.00792456 0.00686312 0.00678539 0.00697875 0.00700617 0.00694895
  0.00766635 0.00659657 0.00753713 0.00800943 0.00708604 0.00635171
  0.00988054 0.00940681 0.00681281 0.00712824 0.00701332 0.00830889
  0.00679779 0.00685692 0.0071373  0.00766158 0.00673127 0.00661755
  0.00664973 0.00753021 0.00756311 0.0066011  0.00652409 0.00653768
  0.00743794 0.00646877 0.00649571 0.00746346 0.00639868 0.0075531
  0.00773478 0.00639224 0.00768757 0.00724697 0.00623441 0.00632763
  0.00632572 0.00741935 0.00652075 0.00627303 0.00630713 0.00639701]
 [0.00776458 0.00685334 0.00684929 0.00770593 0.00744271 0.00727439
  0.00752473 0.00882983 0.00787711 0.00858474 0.00739002 0.00834489
  0.00736642 0.00728226 0.00723886 0.0082643  0.00738025 0.0082469
  0.0072217  0.00845838 0.0073638  0.00722933 0.00745988 0.00923228
  0.00717688 0.00752592 0.00841904 0.00856662 0.0084281  0.00750089
  0.00825238 0.00734568 0.00726485 0.00717354 0.00833845 0.00871038
  0.01015449 0.00875854 0.00876069 0.01013875 0.0075748  0.01015663
  0.01088738 0.00792193 0.00875306 0.00910425 0.00835562 0.00733662
  0.00833774 0.00867343 0.00792718 0.00762606 0.00858355 0.00751042
  0.00805068 0.00769401 0.00791359 0.00998163 0.00876331 0.00969338
  0.01408482 0.00862694 0.00915051 0.01108479 0.01093125 0.01127887
  0.00993085 0.01054692 0.0122602  0.00919366 0.0094111  0.00898266
  0.00955939 0.01037073 0.00860715 0.00941133 0.01055717 0.00955486
  0.01226497 0.00998449 0.01044321 0.0107851  0.0083046  0.00998616
  0.01052189 0.00798678 0.00827432 0.00789213 0.00836253 0.00911355
  0.01028299 0.01051831 0.00797772 0.00759506 0.01032591 0.00913715
  0.00884795 0.0103178  0.00893092 0.00951815 0.01104689 0.00841117
  0.01125193 0.01102877 0.00938368 0.01078057 0.01044083 0.01158452
  0.01117849 0.01332855 0.01250362 0.01090598 0.00799179 0.01059842
  0.00829387 0.0096066  0.00872588 0.0113101  0.01164055 0.01320744
  0.01153445 0.01157355 0.00798798 0.00843406 0.00929618 0.00747395
  0.01000595 0.00729871 0.00737643 0.00717807 0.00750756 0.00731206
  0.00704336 0.00736237 0.00778079 0.00739193 0.00748038 0.00848532
  0.00872207 0.00757217 0.00750828 0.00754595 0.0072813  0.00745916
  0.00855494 0.00845075 0.0071435  0.00753856 0.00869322 0.00974822
  0.00923657 0.00919223 0.00905323 0.00875545 0.00736833 0.00867152
  0.00703406 0.00796008 0.00749993 0.00779057 0.00830126 0.00745916
  0.00782847 0.00813818 0.00711441 0.00742912 0.00746942 0.00747395
  0.00731254 0.00735402 0.00748658 0.00733471 0.0073998  0.00769019
  0.00733805 0.00758958 0.00755596 0.00745583 0.0075736  0.00776243
  0.0077107  0.00728106 0.00859213 0.00722551 0.0109477  0.00789046
  0.00698233 0.00717235 0.00847554 0.00862479 0.00898361 0.0074265
  0.00734138 0.00925827 0.00742054 0.00763488 0.00817823 0.00748634
  0.00855207 0.00752163 0.00739622 0.00854182 0.00730729 0.00758862
  0.00750327 0.00719142 0.00739241 0.00742412 0.00754237 0.0084672
  0.00734019 0.00728846 0.00961542 0.0090425  0.00908017 0.00928974
  0.00898647 0.00875616 0.00898314 0.00948906 0.00819373 0.01032448
  0.00890946 0.00930023 0.0075376  0.00749135 0.00858521 0.00729465
  0.00733089 0.0085218  0.00866628 0.00843573 0.00773525 0.00762367
  0.00846839 0.00732589 0.00734591 0.00722742 0.00738287 0.00717282
  0.00753045 0.00770378 0.00761628 0.00742483 0.00770879 0.00761485
  0.00855732 0.00852561 0.0084219  0.00750279 0.00755215 0.00729156
  0.00762224 0.00935555 0.01010203 0.00838685 0.0117557  0.0101409
  0.00786543 0.00822592 0.00921416 0.0091784  0.00748563 0.00867176
  0.00933003 0.00819707 0.00756431 0.00819898 0.00755715 0.00805116
  0.00832367 0.00871611 0.00908756 0.0126338  0.01089048 0.01235461
  0.01045275 0.00771904 0.00902987 0.00877833 0.00888991 0.00833631
  0.00973463 0.00758553 0.00851345 0.0083735  0.00727487 0.0085063
  0.00711465 0.00726748 0.00741863 0.0077908  0.00765157 0.00739121
  0.00717354 0.00758815 0.00829935 0.00752592 0.00737786 0.00763202]]
