device:cpu
n_max:10
t_max:500
distribution:randint
var:10
z:
[[0.00166631 0.00128603 0.00135684 0.00130177 0.00129795 0.00134945
  0.00130677 0.00128126 0.00132108 0.00132489 0.00128078 0.00133848
  0.00128269 0.00133371 0.0013473  0.00130296 0.00135517 0.00128102
  0.00131249 0.00130725 0.00129938 0.00130057 0.00130677 0.00128317
  0.00128746 0.00128365 0.00130868 0.00129747 0.00126839 0.00129461
  0.00130582 0.00134277 0.00151348 0.00130248 0.00133872 0.00133276
  0.00139666 0.00127912 0.0013051  0.00129914 0.00135183 0.00134444
  0.0013051  0.0013001  0.0013063  0.00128388 0.00126719 0.00129747
  0.00131512 0.0012815  0.00127769 0.00131488 0.00137377 0.00125909
  0.00139356 0.00130296 0.00129986 0.00134516 0.00136423 0.00129914
  0.00131273 0.00129724 0.00127316 0.00132465 0.00130224 0.00129962
  0.00145102 0.00129867 0.00126886 0.00131369 0.001297   0.00127983
  0.00129843 0.00130296 0.00132251 0.00126982 0.00129604 0.00129962
  0.00129271 0.00127792 0.0013032  0.00126934 0.00129533 0.00134063
  0.00123978 0.00126863 0.00127244 0.001302   0.00127363 0.0013082
  0.00128245 0.00127053 0.00131035 0.00129056 0.0012989  0.00126624
  0.00127363 0.00129414 0.00127029 0.001297   0.00129461 0.00134182
  0.00127792 0.00130248 0.00134659 0.00129938 0.00129962 0.00127697
  0.0012536  0.00127077 0.00130343 0.00129962 0.00130033 0.00135565
  0.00130343 0.0012815  0.00125217 0.0012691  0.00134516 0.00129795
  0.00133967 0.00133085 0.00133634 0.00125551 0.00128126 0.00129747
  0.00124836 0.00135136 0.00128031 0.00127292 0.00136375 0.0013001
  0.00146294 0.00140476 0.00140977 0.00134945 0.00133276 0.0013454
  0.00135422 0.0012548  0.00127888 0.00135446 0.001297   0.00129676
  0.00135517 0.00142455 0.00126243 0.0014329  0.00127983 0.00129604
  0.00135803 0.00129604 0.00133753 0.00144625 0.00128126 0.00135016
  0.00129509 0.00129533 0.00137329 0.00127006 0.00129747 0.00141048
  0.00129533 0.00129366 0.00131941 0.00125504 0.00130486 0.00130367
  0.00130463 0.00125575 0.00130939 0.00124717 0.00124574 0.00134969
  0.00125003 0.0013032  0.00127673 0.00129318 0.0012424  0.00130296
  0.00126171 0.00129771 0.00128508 0.00130105 0.00132728 0.00126123
  0.00124145 0.00134468 0.00131488 0.00130177 0.00126863 0.00128746
  0.00127769 0.00126648 0.00131273 0.0013001  0.00130653 0.00130415
  0.00126028 0.00129533 0.00127816 0.00126863 0.00134349 0.00129128
  0.00125289 0.00134563 0.00130248 0.00127172 0.00127697 0.00130177
  0.00128937 0.0012691  0.0013032  0.00130081 0.00127816 0.00130725
  0.00224257 0.00204802 0.00224972 0.00204754 0.00174165 0.0012536
  0.00126624 0.00131774 0.00133848 0.00129747 0.00131989 0.00126648
  0.00125837 0.00132728 0.00127125 0.00133371 0.00136113 0.00129819
  0.00128436 0.00139308 0.00127387 0.00135493 0.00124598 0.00129986
  0.00143242 0.00128341 0.00126648 0.00148726 0.00127649 0.00129962
  0.00136399 0.00126338 0.00129294 0.00128222 0.0012722  0.00126362
  0.00130653 0.00124383 0.00126791 0.00138927 0.00127316 0.00130367
  0.00138593 0.00130963 0.00130033 0.00130677 0.00133514 0.00127912
  0.0012691  0.00130153 0.00131583 0.00130343 0.00130367 0.00130987
  0.00128007 0.00130534 0.00135374 0.00131011 0.00127816 0.00127912
  0.00129795 0.00129795 0.00141311 0.00130272 0.00129771 0.00131059
  0.00130224 0.00130129 0.00128317 0.00129914 0.00130105 0.00130749
  0.00127816 0.00129986 0.00131035 0.00129843 0.00129843 0.00131178
  0.0012958  0.00129461 0.00128627 0.00129771 0.00130558 0.00132799
  0.00129437 0.00125933 0.00127053 0.00131154 0.00143671 0.00147057
  0.00146723 0.00141931 0.00129414 0.0013051  0.00130534 0.00129962
  0.00130272 0.00135612 0.00130677 0.00131178 0.00130296 0.00126934
  0.00134039 0.00130677 0.00129104 0.00131083 0.00129676 0.00129843
  0.00134635 0.00128531 0.00130057 0.00128269 0.00130153 0.00129914
  0.00130725 0.00129771 0.001302   0.0013566  0.00130105 0.00127149
  0.00130606 0.00126886 0.0012629  0.00130963 0.00130248 0.00127268
  0.00132966 0.00130248 0.00130296 0.00128937 0.001302   0.00127316
  0.00140548 0.00130367 0.00127959 0.00130939 0.00129962 0.00127387
  0.00127196 0.00127172 0.00180006 0.00131321 0.00130987 0.00133753
  0.0013063  0.00135279 0.00126743 0.0013032  0.00134373 0.00125241
  0.00129938 0.00130415 0.00130749 0.00128317 0.00130558 0.00130272
  0.0012722  0.00126791 0.00130081 0.0012722  0.00120831 0.00130463
  0.001297   0.00127435 0.00127435 0.00130081 0.00130653 0.00131083
  0.00126815 0.00126219 0.00130725 0.00126362 0.00125384 0.0013113
  0.00130486 0.00134754 0.00130582 0.00134373 0.00135994 0.00129128
  0.00125313 0.00127053 0.00133371 0.00129819 0.00126719 0.0012598
  0.00130892 0.00139689 0.00130606 0.00126052 0.00140023 0.00129318
  0.00129557 0.00136352 0.00133085 0.0013485  0.00131083 0.00138378
  0.00127625 0.00127745 0.00126648 0.00132036 0.00127602 0.00130486
  0.00136495 0.00130439 0.00184989 0.00133228 0.00134349 0.00135303
  0.00127935 0.00128055 0.00133371 0.00130153 0.00126553 0.00126982
  0.00127172 0.00130081 0.00132918 0.00132203 0.00130343 0.00131536
  0.00129557 0.00125098 0.00131345 0.0013001  0.00130725 0.00130534
  0.00134754 0.00127196 0.00126243 0.00125527 0.00127339 0.00144172
  0.00130224 0.00133419 0.00127673 0.00120449 0.00126815 0.001266
  0.00127172 0.00127125 0.00127411 0.00130248 0.00133991 0.00129151
  0.00129938 0.00127125 0.00130177 0.0013032  0.0012095  0.00130987
  0.00127769 0.00131297 0.00129914 0.001436   0.00130534 0.00134587
  0.00129056 0.0012939  0.00129676 0.00135183 0.00133944 0.00130057
  0.00129938 0.00135183 0.00130367 0.00143647 0.00141215 0.00127482
  0.00130963 0.00135159 0.00131488 0.00134587 0.00129867 0.00126863
  0.00134921 0.00134706 0.00126338 0.00170946 0.00146985 0.00130033
  0.00130653 0.00130534]
 [0.00268817 0.00257254 0.00233126 0.00246286 0.00265312 0.00241566
  0.00237942 0.00237274 0.00247455 0.00264311 0.00250816 0.00248456
  0.00259805 0.0024817  0.00243926 0.00250268 0.0024488  0.00238419
  0.00227356 0.00250697 0.00254774 0.00249767 0.00247884 0.00239706
  0.0023272  0.00252485 0.00241184 0.00238705 0.0025115  0.00248122
  0.00257492 0.00240636 0.00239158 0.00252843 0.00234461 0.00254655
  0.00305319 0.00248027 0.00248194 0.00260091 0.00429177 0.00388193
  0.00345206 0.00239992 0.00268745 0.00251341 0.00253963 0.00246382
  0.00258517 0.00258803 0.00259423 0.00254941 0.00242066 0.00277591
  0.00247765 0.00252962 0.00243664 0.00251627 0.00240564 0.00251436
  0.00240898 0.00244904 0.00244164 0.00245976 0.00250483 0.00247979
  0.00256062 0.00248694 0.00238919 0.00236821 0.00243068 0.00244546
  0.00241518 0.00238276 0.00239515 0.00247955 0.00243497 0.00269008
  0.00259352 0.00229478 0.00250626 0.00251198 0.00259042 0.00276804
  0.00251913 0.00239348 0.00266647 0.00280333 0.0025425  0.00249863
  0.00243711 0.0025835  0.00251865 0.0026567  0.00248885 0.00267363
  0.0027318  0.00255251 0.00255919 0.00266433 0.00258255 0.00258088
  0.00260758 0.00243616 0.00261068 0.00244236 0.00249147 0.0024116
  0.00255275 0.00248623 0.00263429 0.00246549 0.00236154 0.00246644
  0.00244164 0.00241947 0.00272131 0.00265074 0.00253558 0.00261855
  0.0025425  0.00255871 0.00258851 0.00253773 0.00254679 0.0026176
  0.0024066  0.0025239  0.00253034 0.00224328 0.00239325 0.00240135
  0.002496   0.00235152 0.00234509 0.00257659 0.00251794 0.00247359
  0.0024209  0.00241208 0.00241232 0.00243211 0.00242949 0.00236893
  0.00262165 0.002455   0.00240231 0.00246382 0.00245094 0.00250411
  0.00232434 0.00243306 0.00246382 0.0023911  0.00250506 0.00259328
  0.00248361 0.00267291 0.00246668 0.0025804  0.00247598 0.00251341
  0.00241804 0.00233674 0.00246048 0.00245571 0.00253487 0.00238299
  0.00248718 0.00251341 0.00245309 0.00252342 0.00238061 0.00241876
  0.00248218 0.00244546 0.00254297 0.00245047 0.00239825 0.00247288
  0.00241423 0.00241303 0.00248218 0.00244451 0.00244093 0.00233078
  0.00248218 0.00243163 0.00238585 0.00255036 0.00248861 0.0023942
  0.002455   0.00242233 0.0024209  0.00253844 0.0025537  0.00242853
  0.00244093 0.00238252 0.00242019 0.00241733 0.0024817  0.00245237
  0.00249124 0.00248218 0.00248003 0.00251794 0.00238466 0.00248051
  0.00233197 0.00243378 0.00233197 0.00239706 0.00247192 0.00239897
  0.0024488  0.00241065 0.00233769 0.00231314 0.00246692 0.00255013
  0.00247812 0.00259447 0.00260949 0.00248742 0.00240874 0.00242186
  0.00251842 0.00244069 0.00221443 0.00243258 0.00244284 0.00245857
  0.00282335 0.00250912 0.00238252 0.00248337 0.00243878 0.00251007
  0.00238514 0.00246215 0.0024333  0.00246453 0.00250793 0.00242662
  0.00240159 0.00247908 0.00240016 0.0024941  0.00247431 0.00241923
  0.00262809 0.00240231 0.00239253 0.00245237 0.00242949 0.00245094
  0.00239801 0.00262928 0.0025208  0.00245237 0.0024178  0.00241065
  0.00253248 0.00231957 0.00247645 0.00237131 0.00243306 0.00249863
  0.00251245 0.0024929  0.00248957 0.00243187 0.003438   0.00245619
  0.00235128 0.00240684 0.00233674 0.00242424 0.00240135 0.0023284
  0.00240374 0.00255418 0.00239205 0.00251174 0.00242186 0.00248098
  0.00256658 0.0024879  0.00266767 0.00244212 0.00244427 0.00238872
  0.00245786 0.00250053 0.00255084 0.00246286 0.00242424 0.00241208
  0.00236392 0.00236607 0.00245118 0.00246501 0.00247335 0.00246525
  0.00242829 0.00239944 0.00246811 0.00248861 0.00245905 0.00233603
  0.00238085 0.00252151 0.00243545 0.00241828 0.00254464 0.00239205
  0.00238633 0.00241256 0.00241232 0.00299358 0.00250912 0.00236034
  0.00246048 0.00248122 0.0024941  0.00242138 0.00249434 0.00233912
  0.00252271 0.00237322 0.00249076 0.00233793 0.0024662  0.00266814
  0.00238419 0.00251079 0.00246    0.00241685 0.00249624 0.00240064
  0.00251317 0.00246668 0.00244641 0.00252032 0.00253272 0.00254655
  0.00251293 0.00253224 0.00240922 0.00246477 0.00247812 0.00243974
  0.00251746 0.00244236 0.00255275 0.0024941  0.00234604 0.00242543
  0.00248933 0.00257921 0.00246859 0.00241733 0.00241995 0.00247693
  0.00238299 0.00233173 0.00248289 0.0024786  0.00230432 0.0024755
  0.00245833 0.00249553 0.00244117 0.00240541 0.00247836 0.00247645
  0.00243282 0.00236487 0.00241208 0.00237203 0.00239372 0.00248051
  0.00234389 0.00249171 0.00247192 0.00239658 0.00252175 0.00243688
  0.00234652 0.0025177  0.00236821 0.00241566 0.00239801 0.00230956
  0.00247812 0.00236511 0.00246501 0.00242901 0.0024786  0.0024662
  0.00243068 0.00256014 0.00249124 0.00249434 0.00247645 0.00240541
  0.00242496 0.00242949 0.00243831 0.00240445 0.00247908 0.00243139
  0.00246716 0.00249743 0.00252604 0.00240469 0.00249839 0.00246572
  0.00244951 0.00247121 0.00243139 0.00240493 0.00243306 0.00243068
  0.00242209 0.00245237 0.00251746 0.00231266 0.00236607 0.00308943
  0.00374293 0.00292635 0.00247931 0.0024693  0.00239658 0.00303316
  0.00233817 0.00241256 0.00233006 0.00254297 0.00251651 0.00241685
  0.0025022  0.00253534 0.00242567 0.00247312 0.00245976 0.00248981
  0.00249839 0.00250244 0.00242901 0.00248456 0.00247908 0.00248361
  0.00242114 0.00241661 0.00243402 0.0025506  0.00251532 0.00240541
  0.00239587 0.00242877 0.00240946 0.00242209 0.00248146 0.00239301
  0.00236964 0.00237632 0.00248671 0.00251293 0.00250268 0.00241184
  0.00242758 0.00242114 0.00241828 0.00240803 0.00249243 0.0024581
  0.00239778 0.00238299 0.00240827 0.00250936 0.00244951 0.00243139
  0.00240183 0.00248337 0.00244641 0.00255275 0.00248027 0.00233746
  0.00241995 0.0024128  0.00241446 0.0024786  0.00249147 0.00239849
  0.00244617 0.0023644 ]
 [0.00289321 0.00269055 0.00266027 0.00269413 0.00267386 0.00278854
  0.00371432 0.00273299 0.0027144  0.00282693 0.00282907 0.00271034
  0.00275421 0.00384188 0.00283527 0.00274444 0.00277567 0.00276017
  0.00277019 0.00267696 0.00275207 0.00282788 0.0028224  0.00397897
  0.00274944 0.00272298 0.00274444 0.00408506 0.00270987 0.00269985
  0.00389504 0.00283909 0.00284338 0.00395513 0.00403118 0.00386596
  0.0027864  0.00283551 0.00276709 0.00281286 0.00284219 0.00270152
  0.00393629 0.00276518 0.00394201 0.002846   0.00275636 0.00279212
  0.00278854 0.00278139 0.00275755 0.00278854 0.00267816 0.00271034
  0.00272036 0.00270629 0.00273108 0.00274301 0.00280261 0.00274014
  0.00285578 0.0028336  0.00272989 0.00283027 0.00284314 0.00282526
  0.0027914  0.00392151 0.00273061 0.00280905 0.0028069  0.00277925
  0.00277257 0.00268435 0.00272655 0.0027411  0.00274777 0.00272226
  0.00278449 0.00274396 0.00282431 0.00396943 0.00285292 0.00286031
  0.00275302 0.00374532 0.00269723 0.00284672 0.00271583 0.00398731
  0.00282407 0.0028801  0.00269341 0.00280714 0.00280046 0.00282955
  0.00273561 0.00270152 0.00290513 0.00399804 0.00278878 0.00282121
  0.00273752 0.00279355 0.00282454 0.00279403 0.00277376 0.00283313
  0.00280714 0.00277615 0.00281763 0.00281644 0.00281549 0.00284624
  0.00274706 0.00391912 0.00273967 0.0028441  0.00276256 0.0027678
  0.00284529 0.00273776 0.00287819 0.00289011 0.00279832 0.00283957
  0.00272989 0.0028224  0.0027988  0.00272751 0.00286102 0.00283766
  0.0028019  0.00269818 0.00396538 0.00275731 0.0028708  0.00281382
  0.00277328 0.00277138 0.00284147 0.00271893 0.00270319 0.00278544
  0.00272322 0.00275445 0.00276947 0.00270534 0.00271845 0.00387096
  0.0027957  0.002774   0.00277996 0.00282979 0.00281215 0.00278234
  0.0027647  0.00275731 0.00275826 0.00384331 0.00274444 0.00282359
  0.00282502 0.00276685 0.00276423 0.00396752 0.00275612 0.00382376
  0.00269914 0.0027895  0.00281858 0.00409317 0.00279808 0.00276494
  0.0028317  0.00273705 0.00274682 0.0028162  0.00301027 0.00273848
  0.00269628 0.00289011 0.00276804 0.00278187 0.00267816 0.00268006
  0.0027318  0.00287199 0.00275469 0.00277448 0.00386167 0.00711346
  0.00275135 0.00281143 0.0027504  0.00273132 0.00269723 0.00275016
  0.00288582 0.00277281 0.00276375 0.0028131  0.00397372 0.00280166
  0.00395823 0.00396419 0.00392437 0.00278497 0.00284386 0.00277472
  0.00278044 0.00271392 0.00275826 0.00280333 0.00278759 0.00273991
  0.0028162  0.00274992 0.00273728 0.00273538 0.00288749 0.00286508
  0.00394988 0.00282574 0.00269723 0.00286412 0.00280023 0.00275016
  0.00285912 0.00273585 0.00281835 0.00283837 0.00278473 0.00275707
  0.00282288 0.00282884 0.00283265 0.00379586 0.00274634 0.00269318
  0.0028882  0.00292325 0.00268698 0.00277758 0.00273538 0.00277853
  0.00293088 0.00280714 0.00290227 0.00269294 0.00275373 0.00278068
  0.00279498 0.00272155 0.00275755 0.00399613 0.00270796 0.00278497
  0.00393486 0.00284338 0.00278378 0.00269771 0.00278544 0.00280213
  0.00281191 0.0027709  0.00278473 0.00273943 0.00282955 0.00280237
  0.00286651 0.00277042 0.00278306 0.00269175 0.00279188 0.00447202
  0.00472474 0.00278711 0.00268817 0.00272989 0.00274134 0.00269151
  0.00396228 0.00280857 0.00286627 0.0028429  0.00276518 0.00285268
  0.00289869 0.00289059 0.00271106 0.00395823 0.00275064 0.00286222
  0.00272059 0.00280738 0.00285554 0.00394702 0.00286317 0.00279093
  0.00282478 0.00278735 0.00282598 0.00280738 0.00278592 0.00283647
  0.00274706 0.00274229 0.00271797 0.00278497 0.00275087 0.00387883
  0.00280309 0.00279975 0.0028367  0.00285387 0.00272799 0.00403047
  0.00273967 0.00275111 0.00271034 0.00303793 0.00290108 0.00399113
  0.00274897 0.00274825 0.00278544 0.00265574 0.00281787 0.00277233
  0.00278974 0.00282407 0.00274611 0.00278807 0.00275445 0.00271082
  0.00283122 0.0027566  0.00272512 0.0040338  0.00275874 0.0027616
  0.00272942 0.0026648  0.00274801 0.00386214 0.00280976 0.00270247
  0.00284553 0.0027926  0.00282216 0.00284529 0.00290585 0.00273824
  0.00274563 0.00278473 0.00274467 0.00280976 0.00278568 0.00271702
  0.00279641 0.00282288 0.00279045 0.00276756 0.00267196 0.00387669
  0.00397253 0.00277567 0.00279927 0.00273895 0.00271344 0.0027442
  0.00395489 0.00285435 0.0027771  0.00286365 0.00272202 0.00280714
  0.00274038 0.00255823 0.00279665 0.00280213 0.00294423 0.00278234
  0.00275445 0.00269628 0.00281858 0.00377798 0.00280333 0.00279021
  0.00402284 0.00279188 0.00281048 0.00269437 0.00271153 0.00275683
  0.00275683 0.00273633 0.00281692 0.00395417 0.00275612 0.00277972
  0.00279689 0.00278378 0.00273991 0.00277495 0.00396013 0.00281048
  0.00277925 0.00277424 0.00279856 0.00269985 0.00285363 0.00272441
  0.00293589 0.00273609 0.00397038 0.00280643 0.00273895 0.00283527
  0.00390077 0.00268865 0.00276661 0.00396013 0.00277615 0.00271249
  0.00284839 0.00273681 0.00388694 0.00278974 0.00274706 0.0027926
  0.00274372 0.00276136 0.00270009 0.00278687 0.00275898 0.00273991
  0.00274873 0.00272298 0.00279808 0.00280619 0.00287247 0.00276589
  0.00405693 0.00277925 0.0028019  0.00280356 0.00283194 0.00275826
  0.00279975 0.00274634 0.00280857 0.00281167 0.00281739 0.00285196
  0.00281668 0.00279713 0.00399828 0.002774   0.00275207 0.00281549
  0.0028367  0.00276303 0.0026927  0.00278783 0.00277996 0.00278068
  0.0027647  0.00285506 0.00279832 0.00278211 0.00385666 0.00278783
  0.00272679 0.00389624 0.0027287  0.002846   0.00277233 0.00274587
  0.00268126 0.00281477 0.00273561 0.00397372 0.00277686 0.00283527
  0.00287437 0.00276136 0.00384259 0.00270772 0.00276208 0.00275469
  0.00273776 0.00282645 0.00284982 0.00271654 0.00276995 0.00281072
  0.00280428 0.00274491]
 [0.00398207 0.00369287 0.00361681 0.00373745 0.00375414 0.00372434
  0.00370097 0.00390267 0.00377679 0.00375724 0.0038681  0.00388622
  0.00391674 0.00387526 0.00395703 0.00397062 0.00387096 0.00377274
  0.00517344 0.00399661 0.0037806  0.00390053 0.00405669 0.00397515
  0.00518703 0.00388122 0.00383043 0.00392938 0.00519013 0.00401974
  0.00380135 0.00388789 0.00380254 0.00386691 0.00380135 0.00379634
  0.00388813 0.00385904 0.00388694 0.00518799 0.00396419 0.00398684
  0.00396633 0.00406432 0.00385523 0.00384474 0.00384331 0.0038476
  0.00397277 0.003968   0.00367045 0.00519204 0.0039041  0.00398207
  0.00400424 0.00387311 0.00384378 0.00389838 0.0039463  0.00383592
  0.00384569 0.00382304 0.00408196 0.00420427 0.0040369  0.00397825
  0.00380254 0.00402045 0.00389361 0.00390053 0.00384808 0.00390053
  0.00380898 0.00379586 0.00384855 0.00384068 0.00508547 0.0037663
  0.00383401 0.00382352 0.00543046 0.00625539 0.00416517 0.00388622
  0.00396013 0.00386381 0.0039041  0.00387859 0.00400305 0.0040493
  0.00380564 0.00387144 0.00395632 0.00398231 0.00383997 0.00390244
  0.00390482 0.00399661 0.00393867 0.00393534 0.00380826 0.0038321
  0.00383186 0.00399232 0.00409102 0.00388741 0.00379705 0.00384808
  0.00402403 0.00385523 0.00383878 0.00398421 0.00388122 0.0038693
  0.00383997 0.00381303 0.00389171 0.00422001 0.00394082 0.00387549
  0.0037899  0.0039115  0.00387383 0.00378442 0.00380087 0.00380516
  0.00386286 0.00408745 0.00393152 0.00385499 0.00382566 0.00385571
  0.00385523 0.00389647 0.00379324 0.00390768 0.00387549 0.00376534
  0.00373125 0.00390649 0.00393343 0.00384498 0.00380635 0.00378799
  0.00508904 0.00389576 0.00387478 0.0038178  0.003865   0.00524783
  0.0040381  0.00394273 0.00388551 0.00510669 0.00377512 0.00390291
  0.00387025 0.00382781 0.00393629 0.0038631  0.00390577 0.0038209
  0.00368857 0.00399733 0.00382042 0.00381923 0.00407577 0.00385237
  0.00380111 0.00384951 0.00404882 0.00388002 0.00397873 0.00520945
  0.00388145 0.00372624 0.0038867  0.00384355 0.00383043 0.0038929
  0.00398278 0.00392008 0.00394702 0.00389719 0.00382686 0.00391579
  0.00391412 0.00379801 0.00394869 0.00526357 0.00389218 0.00410914
  0.00383925 0.00391412 0.0039742  0.00379705 0.00377774 0.00394607
  0.00380373 0.00402927 0.00384188 0.00385189 0.00409532 0.00392985
  0.00390649 0.0040555  0.00391412 0.00383949 0.00381565 0.00387406
  0.00394487 0.00526047 0.0038445  0.0038631  0.00404167 0.00397611
  0.00387049 0.00385523 0.00400615 0.00398731 0.00381994 0.00381517
  0.00500989 0.0038898  0.00389504 0.00379372 0.00388145 0.00384784
  0.00381398 0.00383854 0.003865   0.00387216 0.00392818 0.00380778
  0.00382757 0.00387287 0.00391793 0.00380111 0.00393414 0.00396657
  0.00388861 0.00388908 0.00422478 0.00404978 0.00395536 0.00399947
  0.00385833 0.00387144 0.0037818  0.00394344 0.00391316 0.00384474
  0.00383329 0.00399423 0.00399518 0.00385833 0.00372028 0.00409675
  0.00394392 0.00388169 0.00379872 0.00393653 0.00388646 0.00389647
  0.0038619  0.0037446  0.00383997 0.00385284 0.00400281 0.00384355
  0.00388312 0.00402164 0.00398588 0.00401926 0.00397563 0.00408483
  0.00402594 0.00532365 0.0038991  0.00383544 0.003932   0.00391889
  0.00387263 0.00381947 0.00399971 0.00403261 0.00389457 0.00377154
  0.00400066 0.00389338 0.00392938 0.00519228 0.0041635  0.00396585
  0.00402784 0.00411606 0.00399828 0.00411892 0.00410318 0.0040195
  0.00384688 0.00385928 0.00518131 0.00395632 0.00400162 0.00386953
  0.00391603 0.00388622 0.00388312 0.00409198 0.00391483 0.00406194
  0.00410509 0.00382209 0.00378084 0.00524259 0.00384521 0.00385284
  0.0038898  0.00383496 0.0038681  0.00388718 0.00390029 0.00382471
  0.00398231 0.00385809 0.0051651  0.00391126 0.0039866  0.00391436
  0.00377321 0.00403547 0.00394273 0.00416589 0.00436354 0.00389075
  0.00393033 0.00388241 0.00386024 0.00399232 0.00389647 0.00410295
  0.00396848 0.00388241 0.00390816 0.00393486 0.00389624 0.00383639
  0.00385785 0.00379944 0.00504518 0.00386524 0.00383806 0.00383091
  0.00390935 0.00394654 0.00390744 0.00402904 0.00391173 0.00385833
  0.00383019 0.00406909 0.00397825 0.003896   0.00453067 0.00389433
  0.00389099 0.0037868  0.00391221 0.00392509 0.00396085 0.00653148
  0.00769758 0.00815916 0.00769258 0.00395775 0.00539136 0.00413465
  0.00412679 0.00403786 0.00395274 0.00403428 0.00394702 0.00386024
  0.00391793 0.00381994 0.00378656 0.00381422 0.00379157 0.00384951
  0.00374603 0.00399518 0.00536132 0.0039618  0.00375271 0.00415015
  0.00407434 0.00409722 0.00393224 0.00382042 0.00385261 0.00386262
  0.00387955 0.00382996 0.0038538  0.00381684 0.00399399 0.00374818
  0.00386262 0.00391269 0.00384212 0.00385308 0.00383615 0.00384045
  0.00406265 0.0052495  0.00388002 0.00393796 0.0039444  0.00388932
  0.00504565 0.00399947 0.00406551 0.00388932 0.00394297 0.00388932
  0.0038631  0.00386214 0.00401664 0.00398803 0.00376964 0.00392485
  0.00382161 0.00401545 0.00384378 0.00387621 0.0038023  0.00393105
  0.00390744 0.00390697 0.00391698 0.00380921 0.00385928 0.0051856
  0.00400424 0.00389171 0.00403428 0.00386    0.00498772 0.00408125
  0.00384545 0.00398564 0.00385189 0.0038588  0.00376201 0.00396228
  0.00381398 0.00384474 0.00380611 0.00387907 0.00386214 0.00388384
  0.00401449 0.00384784 0.00407171 0.00385809 0.00400043 0.00517201
  0.00388455 0.00381565 0.0038414  0.00383472 0.00388169 0.00381351
  0.00382042 0.00382209 0.0038681  0.00382066 0.00402141 0.00390005
  0.00381231 0.00391603 0.00399828 0.0039885  0.00388432 0.00396872
  0.00381231 0.0038867  0.00392103 0.00393939 0.00496244 0.00378299
  0.00377703 0.0039115  0.00384188 0.00388694 0.0038836  0.00385833
  0.00384617 0.00376058]
 [0.00504184 0.00399113 0.00402164 0.00497937 0.00494862 0.00511789
  0.00409079 0.00513148 0.00519776 0.00407982 0.00412655 0.00416589
  0.00405264 0.00420713 0.00412321 0.00420356 0.0041225  0.00424147
  0.00540113 0.00418663 0.00411248 0.00412703 0.00404906 0.0046947
  0.00412059 0.00429869 0.00417209 0.00413132 0.00420809 0.00512242
  0.00418806 0.00411606 0.00417399 0.0042038  0.00423288 0.00540781
  0.00532436 0.00529265 0.00422835 0.00408626 0.00415254 0.00432706
  0.00414467 0.00525641 0.00543332 0.00428343 0.00411558 0.00671458
  0.00408506 0.00527406 0.0041008  0.00519562 0.00434947 0.00427055
  0.00426292 0.00413013 0.00420952 0.00410604 0.00410843 0.00419044
  0.00544715 0.00402999 0.00558853 0.00412679 0.00535822 0.00523925
  0.00412655 0.00406647 0.0042429  0.00516009 0.0041554  0.00419593
  0.00417852 0.00421023 0.00521255 0.00418758 0.00404334 0.00530386
  0.00421953 0.00409746 0.00430918 0.00418782 0.00423932 0.00409794
  0.00413132 0.00523639 0.00407934 0.00416136 0.00420642 0.00411415
  0.00404787 0.00525689 0.00418496 0.00422692 0.0040834  0.00453424
  0.00421047 0.0051918  0.00416136 0.00414062 0.00409055 0.00423694
  0.00540829 0.00409794 0.00422716 0.00528359 0.00422072 0.00423217
  0.00520015 0.00410938 0.00435519 0.00433612 0.00415492 0.00418353
  0.00431085 0.00521111 0.0052135  0.00413775 0.00419998 0.00418162
  0.00414443 0.00524974 0.00415683 0.00415778 0.00412631 0.00428081
  0.00522947 0.00413179 0.00413942 0.00408936 0.00413704 0.00513697
  0.00409508 0.0041337  0.00422025 0.00408435 0.00409293 0.00409603
  0.00523424 0.0042088  0.00405169 0.00418282 0.00529528 0.00434375
  0.00415921 0.00422502 0.00408602 0.00409555 0.004318   0.00529337
  0.0043149  0.00416255 0.00519395 0.0040884  0.00410438 0.0041678
  0.00529861 0.00416756 0.0041163  0.00419092 0.00407124 0.0052197
  0.00401187 0.00542903 0.00413585 0.00413585 0.00411582 0.00426149
  0.00527859 0.00518394 0.00413966 0.0051105  0.00421143 0.00426769
  0.00512123 0.00414801 0.00434184 0.00520635 0.00416708 0.00538468
  0.0041492  0.00413442 0.00418973 0.005234   0.00409889 0.00411725
  0.00411534 0.00426912 0.00404763 0.00420737 0.00422549 0.00402927
  0.00417352 0.00419927 0.00419044 0.00411606 0.0042038  0.00523376
  0.00408173 0.00414491 0.00402999 0.00427961 0.00413442 0.00435185
  0.00418115 0.00406551 0.00418401 0.00541615 0.00412583 0.00410247
  0.0051229  0.0041616  0.00533128 0.00416112 0.00423169 0.00416493
  0.00409317 0.00536561 0.00526571 0.00413275 0.00409627 0.00420713
  0.00415564 0.00413013 0.00541615 0.00421691 0.00421166 0.00429225
  0.00425553 0.00422406 0.00412345 0.00419712 0.00404644 0.00417066
  0.00425696 0.00426364 0.00532556 0.00419927 0.00427651 0.00426412
  0.00416851 0.00409627 0.00426531 0.0042038  0.00414658 0.00527215
  0.00412345 0.0041101  0.00418377 0.00409245 0.00562215 0.00411487
  0.00409126 0.00431275 0.00530076 0.00416231 0.00407267 0.00415969
  0.00408459 0.00421882 0.00512123 0.00522757 0.00415993 0.00415826
  0.00416946 0.00426221 0.00522804 0.00412321 0.0051403  0.00420499
  0.00427151 0.00427818 0.0054369  0.00414991 0.00415039 0.00423932
  0.00427556 0.00412607 0.00534105 0.00541782 0.00412798 0.00419378
  0.00411606 0.00422359 0.00427413 0.00452518 0.00421715 0.00497246
  0.0041256  0.00418258 0.0041883  0.0053196  0.00410438 0.00431275
  0.00413728 0.00425315 0.00529027 0.00409842 0.00416708 0.00414491
  0.00409436 0.00419044 0.00418043 0.00416207 0.00407553 0.0040493
  0.00414586 0.00522804 0.00429749 0.00419927 0.00424623 0.00411534
  0.00417876 0.00517941 0.00553393 0.0041182  0.004143   0.00422263
  0.00426769 0.00433993 0.00524807 0.00418854 0.00417471 0.00543928
  0.00417614 0.00523496 0.0040834  0.00530243 0.00415587 0.00430989
  0.00646734 0.00420952 0.00418758 0.00405598 0.00541639 0.00544381
  0.00409794 0.00416374 0.00517869 0.00425243 0.00410533 0.00407577
  0.00425577 0.00409293 0.00428581 0.0054431  0.00520778 0.00415516
  0.00417638 0.00425172 0.0042727  0.00411415 0.00413632 0.00537825
  0.00409269 0.00418663 0.0041225  0.00415969 0.00415659 0.00522995
  0.00549388 0.00416112 0.00521302 0.004179   0.00420284 0.00461435
  0.00441623 0.00422168 0.00412798 0.00628161 0.00412726 0.00422478
  0.00536513 0.00535846 0.00426507 0.00417757 0.0053544  0.00416088
  0.00409293 0.00408721 0.00532246 0.00415301 0.00416207 0.00511742
  0.00429487 0.0041821  0.00539565 0.00424504 0.00409389 0.00528836
  0.00387192 0.00401998 0.00410533 0.00643134 0.00419164 0.00412369
  0.00418425 0.00427771 0.00412679 0.00414634 0.00405478 0.00539947
  0.00521088 0.00522208 0.00409818 0.00417638 0.00413251 0.00521493
  0.00419974 0.00523496 0.0041101  0.00422001 0.00529742 0.00410724
  0.00414991 0.00413036 0.00526571 0.00421166 0.0053525  0.00415325
  0.00523114 0.00417423 0.0040884  0.00419593 0.00421643 0.00516748
  0.00415659 0.00410938 0.00416493 0.004179   0.00434017 0.00513887
  0.00560355 0.00423956 0.0042305  0.00415349 0.00536036 0.00422359
  0.00419545 0.00419736 0.00412869 0.00414562 0.00421429 0.00429702
  0.00514436 0.00404716 0.00413895 0.00539851 0.005229   0.0040884
  0.00417638 0.00419331 0.00542617 0.00414896 0.00428128 0.0042901
  0.00424838 0.00534797 0.00424719 0.00533056 0.00417447 0.0043335
  0.00523067 0.00426936 0.00524545 0.00453281 0.00428843 0.00412321
  0.0041492  0.0041306  0.0041275  0.00413799 0.0041635  0.00532722
  0.0040915  0.00567961 0.00421691 0.00418615 0.00412822 0.00522685
  0.00424743 0.00536656 0.00435042 0.00415993 0.0041647  0.004107
  0.00413251 0.00425911 0.00433683 0.00418949 0.00419784 0.00420213
  0.00523758 0.00416946 0.00410724 0.00536442 0.00557709 0.00547838
  0.00400352 0.00428963]
 [0.00617003 0.00501442 0.00598979 0.00509048 0.00604749 0.00516915
  0.00515103 0.00502133 0.00534391 0.00533414 0.00668621 0.00520015
  0.00522685 0.00539064 0.00542617 0.00524497 0.00531721 0.00529575
  0.00535464 0.0063343  0.00636721 0.00514936 0.00522518 0.0063417
  0.00518441 0.00519705 0.00535202 0.00516438 0.00521016 0.00546002
  0.00642323 0.0053885  0.00554085 0.00524259 0.00519919 0.00515938
  0.00524974 0.00523686 0.00548649 0.00527215 0.00524044 0.00533986
  0.00530624 0.00517726 0.00652838 0.00519919 0.0063343  0.00538254
  0.00534463 0.00540924 0.00511169 0.00519562 0.00517106 0.0051775
  0.00529456 0.00663567 0.00529003 0.00527096 0.0052681  0.00530934
  0.00509119 0.00547218 0.005162   0.00529671 0.00641394 0.00650978
  0.00637889 0.00638366 0.00540113 0.00545621 0.00529265 0.005404
  0.00520611 0.00550556 0.00546384 0.00529838 0.00524521 0.00537848
  0.00524068 0.00513601 0.00532818 0.00538969 0.00507092 0.00512385
  0.00517535 0.00527549 0.00516939 0.00516653 0.00675774 0.00538421
  0.00529695 0.00534797 0.00646496 0.00513959 0.00505519 0.00630999
  0.00531363 0.00523782 0.00530815 0.0052886  0.00642085 0.00541925
  0.00516129 0.00522184 0.00532341 0.00636292 0.00534797 0.00516438
  0.00503087 0.00533676 0.00546288 0.00535107 0.00530958 0.00538492
  0.00528932 0.00516438 0.00518012 0.00532246 0.00512218 0.00628161
  0.00530386 0.00520277 0.0052979  0.00542736 0.00631356 0.00524569
  0.00523877 0.00518537 0.00515509 0.00620508 0.00517464 0.00523281
  0.00520802 0.00525427 0.00665689 0.00642872 0.00526142 0.0052731
  0.00522566 0.0054152  0.005198   0.00514579 0.00522804 0.00530052
  0.00646234 0.00526834 0.00528431 0.00649786 0.00526166 0.00529909
  0.00534749 0.00531268 0.00513649 0.00533104 0.00522876 0.00627756
  0.00522566 0.0066967  0.00522161 0.00518775 0.00511169 0.00512505
  0.00669003 0.00659895 0.00519538 0.00541139 0.00527453 0.00529146
  0.00635433 0.00548816 0.00527692 0.00528812 0.00519085 0.00528097
  0.006495   0.00633001 0.00535679 0.00521111 0.00513363 0.00515938
  0.00631714 0.00510359 0.00638723 0.0053432  0.00519085 0.00642252
  0.00542378 0.00532079 0.00524902 0.00527525 0.00518513 0.00534511
  0.00534272 0.00644898 0.00527859 0.00547576 0.00534034 0.00530934
  0.00539041 0.00515819 0.0054307  0.0051477  0.0053215  0.00630593
  0.00600123 0.00626588 0.00513053 0.00510359 0.00539374 0.00565934
  0.00515795 0.00531459 0.00520468 0.00627875 0.00528431 0.00654197
  0.00532866 0.00520706 0.00633597 0.00614357 0.00519657 0.00519013
  0.00533581 0.00530648 0.00539637 0.00514388 0.00524807 0.00522232
  0.00531983 0.00522423 0.00509834 0.00529313 0.00524402 0.00537109
  0.0065949  0.00535583 0.00534415 0.00511241 0.00527787 0.00531721
  0.00524545 0.00522852 0.00521755 0.00513029 0.00629783 0.00515461
  0.00524282 0.0051887  0.00534725 0.00629783 0.00528336 0.00529408
  0.00519466 0.00530052 0.00539112 0.00524712 0.00519109 0.00532913
  0.00520205 0.00639129 0.00512314 0.00541711 0.00528765 0.00522518
  0.0052278  0.00523591 0.00519967 0.00544524 0.0053463  0.00524807
  0.00527    0.00533938 0.00525236 0.00532699 0.00529385 0.00528264
  0.00540209 0.00521731 0.00657749 0.00516415 0.00531983 0.00528097
  0.00537515 0.00514984 0.00517464 0.00522542 0.00539994 0.00524092
  0.0053761  0.00524139 0.00518441 0.00533581 0.00658679 0.00528336
  0.00524497 0.0054276  0.00519323 0.0052259  0.0053277  0.00643587
  0.00629854 0.00672007 0.0051496  0.00527477 0.00537348 0.00518847
  0.00519681 0.00529599 0.00644851 0.00517631 0.00519395 0.00532842
  0.00648284 0.00637984 0.00529671 0.00529885 0.00641847 0.00538373
  0.00630212 0.00639057 0.00658941 0.00531054 0.00539374 0.00635624
  0.0055573  0.00529933 0.00551152 0.00518465 0.00525546 0.00529623
  0.00635052 0.00529528 0.00530267 0.00518918 0.0052166  0.00512671
  0.00538111 0.00531793 0.00540352 0.00516987 0.00641489 0.00523019
  0.0053339  0.00630331 0.00521588 0.00515032 0.00561762 0.00708413
  0.00530291 0.00628614 0.00657845 0.00544858 0.0063076  0.0051558
  0.00515676 0.00530195 0.00664806 0.00520563 0.00538874 0.00527477
  0.00529885 0.00527859 0.00536108 0.00512218 0.00529385 0.00643206
  0.00623631 0.00525403 0.0064888  0.00532556 0.00532842 0.0052402
  0.0052743  0.00532484 0.00522947 0.00529552 0.00519633 0.00552869
  0.00519133 0.00515938 0.00633144 0.00626349 0.00524545 0.00542808
  0.00643158 0.00519371 0.00530148 0.00547552 0.00532985 0.0058701
  0.00532937 0.00528717 0.00509906 0.00524426 0.00632977 0.00522661
  0.00521421 0.00543261 0.00517011 0.00637269 0.00536728 0.00521946
  0.00644994 0.00529194 0.00513172 0.00523162 0.00529671 0.00632167
  0.00628781 0.00526667 0.00530291 0.00511646 0.00530887 0.00523233
  0.00648355 0.00536275 0.00528312 0.00513291 0.00526834 0.00516224
  0.00528145 0.00525451 0.0051837  0.00524068 0.00516319 0.00516248
  0.00543928 0.00513458 0.00524759 0.00513577 0.00639129 0.00523019
  0.00518775 0.00625563 0.00525475 0.0050385  0.00521016 0.00557065
  0.00516534 0.00524378 0.00530148 0.00530839 0.00506663 0.00522923
  0.00519323 0.00547862 0.00523353 0.00514507 0.00522566 0.00526857
  0.00634623 0.00526357 0.00524449 0.00534177 0.00522971 0.00537086
  0.00501537 0.0053587  0.005162   0.00544572 0.00516438 0.00514364
  0.00526595 0.00522709 0.0063684  0.00662065 0.00630856 0.0053122
  0.00630951 0.00635123 0.00528932 0.00526237 0.00527453 0.00522995
  0.00528383 0.00655174 0.00540543 0.00516701 0.00506711 0.00538111
  0.00628948 0.00528049 0.00521922 0.00537395 0.0055356  0.00530958
  0.00550246 0.00533676 0.00516033 0.00525141 0.00627661 0.0050118
  0.00517344 0.00548148 0.00627232 0.00521326 0.00526595 0.00656748
  0.00514197 0.00523233]
 [0.00560403 0.00619078 0.00607634 0.00543237 0.00643086 0.00539851
  0.00530386 0.00546193 0.00543427 0.00656176 0.00546789 0.00545406
  0.00558543 0.00653052 0.00545502 0.00659037 0.00661373 0.00646448
  0.0055263  0.00537944 0.00573778 0.00647426 0.00544691 0.00659609
  0.00543976 0.00549436 0.00547528 0.00545955 0.00654411 0.00676441
  0.00547481 0.0064714  0.00642204 0.00691986 0.00546002 0.00638127
  0.00546646 0.00656295 0.00665975 0.00674701 0.0055511  0.00555038
  0.00542331 0.00660753 0.00562954 0.0056231  0.00598621 0.0072
  0.00677514 0.00681305 0.00541782 0.00566316 0.00675559 0.00669861
  0.0055778  0.00665426 0.00561213 0.00790524 0.00644088 0.00677824
  0.00666094 0.00655603 0.00550222 0.00688601 0.00775576 0.00654316
  0.00559258 0.00541615 0.00661016 0.00681734 0.00562572 0.00639892
  0.00681305 0.00667262 0.00550342 0.00562549 0.00553751 0.00677633
  0.00574327 0.00665593 0.00562549 0.00672817 0.00657392 0.00565004
  0.00570965 0.00658393 0.00564051 0.00554967 0.00557709 0.00550604
  0.00699878 0.00560665 0.00528455 0.00551558 0.00656986 0.00567389
  0.00673389 0.00557446 0.00641441 0.00566578 0.00561738 0.00652885
  0.00534081 0.00562549 0.00553107 0.00662708 0.006634   0.00653934
  0.00556874 0.00564528 0.00543714 0.00551891 0.0055263  0.00542545
  0.00568104 0.00653458 0.0056119  0.00671458 0.00582242 0.00655055
  0.00557494 0.00553846 0.0057199  0.00566006 0.0057137  0.00554824
  0.00571656 0.00667214 0.0066247  0.00560355 0.00661206 0.0065167
  0.00664806 0.00664282 0.00559449 0.00653028 0.00673532 0.00568032
  0.0066855  0.00668812 0.0067358  0.00553393 0.00549984 0.00663185
  0.00553155 0.00552177 0.00553417 0.00669789 0.00559545 0.00553298
  0.00667953 0.00669456 0.00552654 0.00662327 0.0056355  0.0066483
  0.00658393 0.00561047 0.00563526 0.00671792 0.00567365 0.00678062
  0.00561452 0.0067606  0.00559592 0.0064199  0.00684023 0.00552464
  0.00566316 0.00563884 0.0054245  0.00657105 0.00547338 0.00784159
  0.00558424 0.0064826  0.00550246 0.00530624 0.00672603 0.00550508
  0.00566339 0.00658584 0.00563407 0.00773048 0.00660133 0.00564933
  0.00643182 0.00556779 0.00668597 0.00566339 0.00568151 0.00570607
  0.00549531 0.0068264  0.00558472 0.00720406 0.00653172 0.00660563
  0.00544214 0.00559235 0.00684738 0.00556278 0.0053401  0.00660944
  0.00594115 0.00668383 0.00677466 0.00590706 0.00570154 0.0053401
  0.0055275  0.00652599 0.00666809 0.00555468 0.00571847 0.00556445
  0.006845   0.00534582 0.00548148 0.00548863 0.00547695 0.00653934
  0.00559402 0.00659466 0.00537801 0.00559616 0.00558424 0.00563216
  0.00666666 0.00668573 0.0056293  0.00755596 0.0056622  0.006634
  0.00684881 0.00551486 0.00679541 0.00550199 0.00684571 0.00558043
  0.00654101 0.00651431 0.00664687 0.00551701 0.00552678 0.00663233
  0.00565338 0.00575614 0.00554371 0.00673485 0.00676703 0.00654292
  0.00571156 0.00672984 0.00699997 0.0056355  0.00563884 0.00559306
  0.00566101 0.00540018 0.00571823 0.0066669  0.00678492 0.00771022
  0.00551009 0.00666976 0.0067637  0.00761533 0.00636292 0.00549817
  0.00666142 0.00567222 0.00546145 0.00574589 0.00562191 0.00649452
  0.00649166 0.00563645 0.0067544  0.00546098 0.00540018 0.00562
  0.00565457 0.0055058  0.00561643 0.00545168 0.00667977 0.00650144
  0.00572562 0.00558281 0.0066762  0.00528193 0.00557899 0.00686359
  0.00561762 0.00692964 0.00547481 0.00564265 0.00588083 0.00556135
  0.00663328 0.0054934  0.00679541 0.0054934  0.00571918 0.00560164
  0.00561762 0.00576544 0.00671315 0.00653768 0.00559402 0.00561309
  0.00587153 0.00561857 0.00656462 0.00556588 0.0077188  0.00554276
  0.00655556 0.00543046 0.00543523 0.00564241 0.00784588 0.00571561
  0.00549769 0.00553513 0.00665975 0.00670481 0.00555563 0.00597072
  0.00661469 0.00579238 0.00679827 0.00686264 0.0066402  0.00654936
  0.00646544 0.00670719 0.00543189 0.0054729  0.00549507 0.00558376
  0.00553966 0.00658607 0.00540352 0.00646114 0.00541329 0.00550699
  0.00561476 0.00684023 0.00648117 0.00550628 0.00762773 0.00558853
  0.00555873 0.00657105 0.00562954 0.00661111 0.00669169 0.00557494
  0.00653028 0.0054791  0.00847626 0.00562739 0.00670958 0.00646806
  0.00655651 0.00552726 0.00675368 0.00563645 0.00658131 0.00655079
  0.00587559 0.0065794  0.00675035 0.005687   0.00657463 0.00778699
  0.00567985 0.00674152 0.00544953 0.00561237 0.00565147 0.0056057
  0.00661564 0.00548863 0.00662613 0.00683641 0.00554609 0.00539589
  0.00565934 0.00548244 0.00784826 0.00552177 0.00568295 0.00547385
  0.00666928 0.00667334 0.00568962 0.0065136  0.00564027 0.00661755
  0.00537705 0.00553131 0.00557733 0.00562096 0.00652575 0.00687265
  0.0079546  0.00569558 0.00658011 0.00547409 0.00663304 0.00541782
  0.00572562 0.00642061 0.00680947 0.00672817 0.00673079 0.00676894
  0.00560021 0.00549889 0.00552011 0.00676394 0.00544834 0.00550795
  0.00667405 0.00546479 0.00553441 0.00666404 0.00667548 0.00558019
  0.00558615 0.00545144 0.00666308 0.00660062 0.0056963  0.0054543
  0.00651813 0.00542903 0.00553751 0.00574493 0.00551295 0.00667262
  0.0056591  0.00554705 0.00665498 0.00552201 0.0069952  0.00664926
  0.00680208 0.00567245 0.00563431 0.00667119 0.00556803 0.00677395
  0.00561547 0.00550866 0.00550818 0.00547504 0.00561833 0.00551105
  0.00550008 0.00680923 0.0056982  0.00557256 0.00679302 0.00560999
  0.00675011 0.00563121 0.00693274 0.00548482 0.00613999 0.00567603
  0.00676584 0.0068469  0.00789928 0.00565815 0.00649619 0.00680923
  0.00682116 0.00655699 0.00584674 0.00657177 0.006706   0.00572562
  0.0056138  0.00535297 0.00645185 0.00638676 0.00580859 0.00669384
  0.0066607  0.00672102 0.00675678 0.00556755 0.00565815 0.00652552
  0.0056293  0.00647712]
 [0.00672245 0.00712276 0.00615025 0.00629687 0.00627518 0.00629401
  0.00734234 0.00653815 0.0064249  0.00660563 0.00647712 0.00652432
  0.00769329 0.00763392 0.00659966 0.0074718  0.00648975 0.00643682
  0.00644183 0.00756216 0.00660968 0.00657034 0.00648856 0.00666618
  0.00952387 0.00620294 0.00685453 0.00686812 0.0068121  0.00799298
  0.00710368 0.00678611 0.00905013 0.00640321 0.00652981 0.00660849
  0.00778317 0.00681949 0.00685048 0.00659847 0.00670457 0.00662518
  0.00779247 0.00659633 0.00679636 0.00661659 0.00765657 0.00649261
  0.00789928 0.00668955 0.00661731 0.00771737 0.00656056 0.00763392
  0.00756717 0.00675964 0.00638986 0.00671792 0.0077858  0.00675774
  0.00671697 0.00653005 0.00660396 0.00770068 0.00668526 0.00668001
  0.00772715 0.00777864 0.0066421  0.00687337 0.00798082 0.00768781
  0.00664973 0.00813651 0.00662041 0.00677371 0.00775313 0.0066731
  0.00675154 0.00787115 0.0067935  0.00776982 0.00667334 0.0077064
  0.00654006 0.00685954 0.00665665 0.00663805 0.00637531 0.00764322
  0.00659537 0.00777173 0.00776696 0.00643301 0.00648141 0.0089643
  0.00661659 0.00671244 0.00643802 0.00770831 0.00784087 0.00657201
  0.00682378 0.00673223 0.00774622 0.00664616 0.00657368 0.00665927
  0.00806022 0.00682187 0.00677538 0.00779533 0.0065949  0.00667143
  0.00675917 0.00662732 0.00656176 0.00769162 0.0064466  0.00654745
  0.00667191 0.00659347 0.00666738 0.00648689 0.0066855  0.00659013
  0.00759912 0.00758982 0.00662112 0.00661898 0.00671625 0.00761342
  0.00676155 0.00691366 0.00783706 0.00816441 0.00927329 0.00771332
  0.00667286 0.00783062 0.00663137 0.00652766 0.00677609 0.00799322
  0.0079577  0.00780129 0.0065968  0.0066483  0.00670385 0.00679731
  0.00686002 0.00681996 0.00810027 0.0079186  0.00674462 0.00655198
  0.00659704 0.00741291 0.00755143 0.00767112 0.00780153 0.00704765
  0.0066359  0.00664735 0.00673175 0.00698543 0.0067029  0.0076592
  0.00690722 0.00784326 0.00767851 0.00792217 0.00674605 0.00701451
  0.00699782 0.00800061 0.00660968 0.00660539 0.00693822 0.00904775
  0.00657201 0.00690699 0.00663853 0.00747037 0.00642943 0.00782967
  0.00670004 0.00669622 0.00671816 0.00758815 0.00676894 0.00669456
  0.00772882 0.00648117 0.00678825 0.00768518 0.00685525 0.00750732
  0.00805068 0.00708485 0.00673723 0.00703859 0.00697303 0.00675869
  0.00666904 0.00644994 0.00651956 0.00781703 0.00671864 0.0075953
  0.00660539 0.00690937 0.00768518 0.00678778 0.00665426 0.00684476
  0.00762582 0.00780797 0.00688601 0.00658917 0.00673127 0.00672793
  0.00664353 0.00683928 0.00660777 0.007972   0.006742   0.00783062
  0.00785565 0.00788832 0.00672221 0.00789404 0.00651813 0.00773597
  0.00678444 0.00661469 0.00681448 0.00773454 0.00663352 0.00676274
  0.00666928 0.00666094 0.00771332 0.00668764 0.00670576 0.006598
  0.00662613 0.00663733 0.00662231 0.00669241 0.00787711 0.00703406
  0.0068469  0.00644016 0.00762081 0.00665784 0.00675893 0.00647736
  0.00675464 0.00766015 0.00749922 0.00670075 0.00794697 0.00675011
  0.00654387 0.00783205 0.00658751 0.00669146 0.00793004 0.00770926
  0.00650167 0.00759912 0.00770092 0.00642848 0.00690722 0.00651598
  0.00654292 0.00673532 0.00657392 0.00649405 0.00665116 0.00765204
  0.00658584 0.00762606 0.00766373 0.00672913 0.00673723 0.00758076
  0.00666332 0.00678682 0.00649619 0.00651455 0.00662351 0.00650191
  0.00767469 0.00653458 0.00684142 0.0077312  0.00753284 0.00649881
  0.00632882 0.00688267 0.00752234 0.00799441 0.00656199 0.00674963
  0.00661707 0.00658178 0.00696659 0.00683928 0.00675488 0.00824714
  0.00615811 0.00658154 0.00658655 0.00767875 0.00670767 0.00758672
  0.00796723 0.00666165 0.00663686 0.00803518 0.00664473 0.00787497
  0.00685263 0.0065949  0.00756216 0.00663137 0.00646544 0.00773215
  0.00666952 0.00650406 0.00660944 0.00762796 0.00665665 0.00663781
  0.00798535 0.00678134 0.00686336 0.00667572 0.00890732 0.0065589
  0.00647688 0.00791264 0.00778651 0.00668216 0.00650001 0.00662518
  0.00670505 0.00672388 0.0065887  0.00649714 0.00766063 0.00761676
  0.00672436 0.00675559 0.00946307 0.00772429 0.00658035 0.00652647
  0.00662065 0.00662255 0.00766802 0.0066545  0.00793481 0.00685406
  0.00754857 0.00647473 0.00646114 0.00646734 0.00793195 0.00788975
  0.00656319 0.00659418 0.00773549 0.0064764  0.00810766 0.00685716
  0.00792098 0.00655985 0.00679111 0.00743461 0.0066669  0.00648046
  0.00682187 0.00669408 0.00658298 0.00695825 0.00684333 0.00767803
  0.00661731 0.00864863 0.00695539 0.00774169 0.00658894 0.00775385
  0.00660062 0.00781679 0.0074451  0.00684786 0.00681663 0.0078795
  0.00772214 0.00740528 0.00675249 0.0066402  0.00666022 0.00674772
  0.00649595 0.00669718 0.00656104 0.00759435 0.0067513  0.00683427
  0.00680089 0.00877714 0.00629544 0.00664377 0.00673985 0.00663924
  0.00676155 0.00672436 0.00664067 0.00778961 0.00680065 0.00671172
  0.0065155  0.00654364 0.0065701  0.00660276 0.00801325 0.00659275
  0.0076983  0.00661612 0.00659251 0.00656104 0.00738692 0.0066824
  0.00679302 0.00782895 0.00667953 0.00774288 0.00793052 0.00787973
  0.00778866 0.00680828 0.00677729 0.00772405 0.00643349 0.00682616
  0.00760603 0.00670028 0.00674963 0.00677729 0.00650334 0.00721622
  0.00664425 0.00686097 0.00744414 0.00654316 0.00684333 0.00791478
  0.00657916 0.00766921 0.00663829 0.00649643 0.00773883 0.00653791
  0.00679755 0.00669599 0.00798869 0.00674915 0.00672269 0.00767756
  0.00657892 0.00658154 0.00664639 0.00672078 0.00811529 0.00657535
  0.00661349 0.00776911 0.007833   0.00776029 0.00702405 0.00767517
  0.00669169 0.00771236 0.00667405 0.00646472 0.0064733  0.00773954
  0.00656509 0.00655007 0.00777388 0.00665617 0.00658488 0.00662899
  0.00653911 0.00771928]
 [0.00745559 0.00711608 0.00722909 0.00735545 0.00738668 0.00743318
  0.00739527 0.00883031 0.00754189 0.00743365 0.00858784 0.00959373
  0.00847387 0.00756359 0.00745964 0.00866485 0.00763178 0.00890803
  0.0088594  0.00847363 0.00751019 0.00764298 0.00755334 0.00744057
  0.00884724 0.00765133 0.00776649 0.00761032 0.00914502 0.00782585
  0.00766325 0.00747728 0.00764561 0.00777221 0.00763059 0.00766516
  0.00759721 0.00904274 0.00766444 0.00777197 0.00768447 0.00761294
  0.00875878 0.00876355 0.00769734 0.00762391 0.00777435 0.00767541
  0.00753999 0.0090704  0.00755191 0.00773644 0.00764585 0.00765109
  0.00773406 0.00856614 0.00762558 0.00762367 0.00752878 0.00753856
  0.00770283 0.00764871 0.00772667 0.00755239 0.00792718 0.00885963
  0.00765753 0.00897098 0.0079391  0.00874972 0.00768137 0.00874805
  0.00789952 0.00907016 0.0076561  0.00768399 0.00883245 0.00888729
  0.00800538 0.00778365 0.00763631 0.00759625 0.00780153 0.0077765
  0.00802231 0.0078764  0.00799894 0.00782609 0.00849366 0.00883579
  0.00763321 0.00756669 0.00778341 0.00770617 0.00870371 0.00782824
  0.00764132 0.00792384 0.00785232 0.00777936 0.00763822 0.00757551
  0.00787592 0.00760198 0.00773358 0.00762415 0.00751853 0.00763679
  0.00887418 0.00872993 0.00791693 0.00900006 0.00789666 0.00756741
  0.00758886 0.00778317 0.00801206 0.00873184 0.0088017  0.00767255
  0.00768661 0.00790882 0.00880647 0.00774622 0.00746799 0.00760365
  0.00769401 0.00792885 0.0085187  0.00902271 0.00741744 0.00905848
  0.0080483  0.00741935 0.00761819 0.00760484 0.0076189  0.00892234
  0.007689   0.00754762 0.00759816 0.00888777 0.00791979 0.00790906
  0.00755405 0.00764203 0.00757885 0.00754642 0.00756288 0.00802374
  0.00765586 0.00984097 0.00777555 0.00746608 0.00883627 0.00770617
  0.00755763 0.00874543 0.00772905 0.00736856 0.0076201  0.00747895
  0.00758743 0.00767231 0.00741172 0.00909972 0.00792241 0.0078814
  0.00786781 0.0077796  0.00872564 0.00760651 0.00918102 0.00751638
  0.00771499 0.00802851 0.0089035  0.0089457  0.00757766 0.00768924
  0.00767374 0.0077467  0.00759482 0.00774002 0.00779986 0.00770116
  0.00761652 0.00784969 0.00768876 0.00895262 0.00874996 0.00909662
  0.00775099 0.00780678 0.00885439 0.00885582 0.00758195 0.00860929
  0.00897574 0.00891018 0.00777674 0.0098238  0.00882745 0.00765872
  0.00848508 0.00750017 0.00774932 0.00768566 0.00888467 0.00765181
  0.00782824 0.00787663 0.00766397 0.00778913 0.00920534 0.00738835
  0.00776768 0.00887775 0.00780439 0.00754118 0.0080266  0.00935435
  0.00926709 0.00892973 0.00770569 0.00780129 0.00788379 0.0087502
  0.00772738 0.00792837 0.0078311  0.00760102 0.00773191 0.00788665
  0.00757957 0.00763607 0.00872684 0.00771785 0.00858665 0.00758576
  0.00780606 0.00780916 0.00763178 0.00754666 0.00886965 0.00767231
  0.00871539 0.00782633 0.00893593 0.00869703 0.00727963 0.00781417
  0.00871825 0.00773907 0.00895119 0.00857162 0.00767612 0.00787616
  0.00906014 0.00783229 0.0089972  0.00903964 0.0075469  0.00771689
  0.00773978 0.00763631 0.00749159 0.00890756 0.0088892  0.00773954
  0.00772476 0.0076468  0.00791097 0.00763845 0.0076313  0.00858426
  0.0077486  0.0089314  0.00758839 0.00731254 0.00774527 0.00781012
  0.00873947 0.00756431 0.00816703 0.00902414 0.00883579 0.0081265
  0.00768995 0.00784063 0.0076592  0.00765705 0.00773335 0.00784922
  0.01000214 0.0077498  0.00889659 0.00888944 0.00761414 0.00741458
  0.00790143 0.00766706 0.00769424 0.00771976 0.00731945 0.00759625
  0.00874615 0.00770473 0.008672   0.00785637 0.00772142 0.00908065
  0.00783777 0.0078516  0.00894547 0.0085988  0.00791192 0.0089457
  0.009094   0.00773835 0.00771737 0.00917745 0.00783181 0.00757456
  0.00794125 0.00901198 0.00782037 0.0086863  0.00883627 0.00812078
  0.00774002 0.00893378 0.00790668 0.00791621 0.00877047 0.00784945
  0.00803781 0.0086751  0.00770187 0.01035237 0.00768352 0.00876641
  0.0077436  0.00771356 0.00776601 0.00788808 0.00755429 0.00779963
  0.00759816 0.00785112 0.00759506 0.00762892 0.00753736 0.00877452
  0.00772595 0.0081048  0.00774455 0.0089159  0.00750065 0.00901055
  0.00768185 0.00768113 0.00786114 0.00754166 0.00772715 0.00772476
  0.00773954 0.00784039 0.00894499 0.00796485 0.00752568 0.00766802
  0.00887942 0.00759816 0.00773597 0.0075438  0.00885892 0.0077939
  0.00773501 0.00900602 0.00870562 0.00883842 0.0076313  0.0074966
  0.00865507 0.00882053 0.00785947 0.00938225 0.00746107 0.0077002
  0.00796151 0.00895238 0.00858665 0.00773072 0.00885415 0.00778246
  0.0076139  0.00771213 0.00775266 0.00919032 0.00875044 0.00880432
  0.00764537 0.00772119 0.00769782 0.00801635 0.00780654 0.00787425
  0.0077002  0.00784278 0.00788498 0.00789642 0.00881743 0.00761366
  0.00789237 0.00900745 0.00765157 0.0089736  0.00768161 0.00792646
  0.00776362 0.00774217 0.00900006 0.00885105 0.00780225 0.00755501
  0.00757289 0.00759697 0.00888896 0.00780725 0.0075407  0.00791097
  0.00768256 0.0097158  0.00834131 0.00765467 0.00803161 0.00880122
  0.00772023 0.00797153 0.00791645 0.00863743 0.00762343 0.00766659
  0.00789452 0.00778842 0.007972   0.00774574 0.00890803 0.00788426
  0.00764513 0.00769687 0.007833   0.00781894 0.00781894 0.00810552
  0.00753307 0.00786567 0.0074985  0.00761795 0.0076921  0.00766373
  0.00769544 0.00903344 0.00763941 0.00977278 0.01010442 0.00889587
  0.00776696 0.00764322 0.00865841 0.0078342  0.00779557 0.008564
  0.00788116 0.0086658  0.00790739 0.00771785 0.0077312  0.00800252
  0.00786901 0.00888777 0.00878286 0.00768328 0.00776219 0.00898457
  0.00764418 0.00779653 0.00906682 0.00778866 0.00767756 0.00800991
  0.00804639 0.0076983  0.0078609  0.00758576 0.00768495 0.0080049
  0.00789189 0.00875998]]
